batch,rep,ali,sub,gene,nodeName,trueDate,nodeDate,lowCI,highCI
12,3,1,3,nef,Node_1_39_1234_1825,1234,1825,888.144,1825
12,3,1,3,nef,Node_1_61_433_3650,433,892.006,134.244,1394.44
12,3,1,3,nef,Node_1_62_435_3650,435,892.006,134.244,1394.44
12,3,1,3,nef,Node_1_172_1309_3650,1309,1210.12,768.976,1572.87
12,3,1,3,nef,Node_1_179_993_3650,993,1595.26,799.475,2805.52
12,3,1,3,nef,Node_1_181_771_1825,771,1066.33,305.843,1707.67
12,3,1,3,nef,Node_1_233_150_3650,150,-0.147221,-45,300.718
12,3,1,3,nef,Node_1_329_907_1825,907,631.84,7.96851,1253.23
12,3,1,3,nef,Node_1_362_1271_1825,1271,1362.02,734.022,1825
12,3,1,3,nef,Node_1_403_1541_3650,1541,1677.21,894.565,2476.2
12,3,1,3,nef,Node_1_426_752_1825,752,326.318,-45,851.029
12,3,1,3,nef,Node_1_526_1732_1825,1732,1825,1348.37,1825
12,3,1,3,nef,Node_1_542_640_1825,640,789.083,148.338,1459.34
12,3,1,3,nef,Node_1_573_1410_3650,1410,3285.08,2937.41,3563
12,3,1,3,nef,Node_1_615_1344_1825,1344,504.978,-0.273184,1091.8
12,3,1,3,nef,Node_1_627_2769_3650,2769,3650,2644.52,3650
12,3,1,3,nef,Node_1_765_2613_3650,2613,2803.19,1723.65,3650
12,3,1,3,nef,Node_1_817_1764_3650,1764,2695.26,1646.36,3650
12,3,1,3,nef,Node_1_871_771_3650,771,1158.47,440.475,2028.44
12,3,1,3,nef,Node_1_900_1010_1825,1010,271.844,-45,777.359
12,3,1,3,nef,Node_1_930_1089_3650,1089,1038.89,366.041,1767.18
12,3,1,3,nef,Node_1_1029_15_3650,15,-45,-45,229.51
12,3,1,3,nef,Node_1_1053_1094_3650,1094,2168.54,981.963,3386.19
12,3,1,3,nef,Node_1_1109_539_3650,539,398.979,-45,1154.4
12,3,1,3,nef,Node_1_1132_13_1825,13,-45,-45,133.329
12,3,1,3,nef,Node_1_1155_2789_3650,2789,2355.66,1084.25,3578.66
12,3,1,3,nef,Node_1_1220_2987_3650,2987,2360.28,1516.28,3510.74
12,3,1,3,nef,Node_1_1228_580_3650,580,0.0203266,-45,336.355
12,3,1,3,nef,Node_1_1235_1228_3650,1228,1543.95,589.581,2594.2
12,3,1,3,nef,Node_1_1245_1034_3650,1034,1117.39,135.703,2011.44
12,3,2,3,nef,Node_1_39_1234_1825,1234,1371.24,732.579,1825
12,3,2,3,nef,Node_1_61_433_3650,433,945.64,365,1508.09
12,3,2,3,nef,Node_1_62_435_3650,435,803.171,262.776,1229.11
12,3,2,3,nef,Node_1_172_1309_3650,1309,1155.26,724.879,1687.66
12,3,2,3,nef,Node_1_179_993_3650,993,2068.69,975.393,2944.85
12,3,2,3,nef,Node_1_181_771_1825,771,920.15,437.523,1366.74
12,3,2,3,nef,Node_1_233_150_3650,150,-45,-45,681.566
12,3,2,3,nef,Node_1_329_907_1825,907,753.131,143.058,1499.01
12,3,2,3,nef,Node_1_362_1271_1825,1271,1661.27,1045.6,1825
12,3,2,3,nef,Node_1_403_1541_3650,1541,789.599,232.473,1415.93
12,3,2,3,nef,Node_1_426_752_1825,752,593.132,1.75429,1345.51
12,3,2,3,nef,Node_1_526_1732_1825,1732,1825,1294.64,1825
12,3,2,3,nef,Node_1_542_640_1825,640,1138.02,339.011,1825
12,3,2,3,nef,Node_1_573_1410_3650,1410,1786.64,1131.2,2283.1
12,3,2,3,nef,Node_1_615_1344_1825,1344,1715.52,987.67,1825
12,3,2,3,nef,Node_1_627_2769_3650,2769,1598.46,804.686,2257.36
12,3,2,3,nef,Node_1_765_2613_3650,2613,3650,2381.49,3650
12,3,2,3,nef,Node_1_817_1764_3650,1764,1719.3,1039.93,2668.21
12,3,2,3,nef,Node_1_871_771_3650,771,115.711,-45,701.255
12,3,2,3,nef,Node_1_900_1010_1825,1010,1825,1275.38,1825
12,3,2,3,nef,Node_1_930_1089_3650,1089,531.183,-7.31702,1047.93
12,3,2,3,nef,Node_1_1029_15_3650,15,-45,-45,354.031
12,3,2,3,nef,Node_1_1053_1094_3650,1094,1313.63,710.168,1950.26
12,3,2,3,nef,Node_1_1109_539_3650,539,378.506,-45,1007.84
12,3,2,3,nef,Node_1_1132_13_1825,13,-45,-45,407.167
12,3,2,3,nef,Node_1_1155_2789_3650,2789,2183.38,1124.54,3151.98
12,3,2,3,nef,Node_1_1220_2987_3650,2987,3650,2495.53,3650
12,3,2,3,nef,Node_1_1228_580_3650,580,1080.69,229.645,1534.27
12,3,2,3,nef,Node_1_1235_1228_3650,1228,1647.17,811.237,2508.77
12,3,2,3,nef,Node_1_1245_1034_3650,1034,743.882,166.887,1454.88
12,3,3,3,nef,Node_1_39_1234_1825,1234,1015.67,295.998,1628.38
12,3,3,3,nef,Node_1_61_433_3650,433,154.65,-45,621.588
12,3,3,3,nef,Node_1_62_435_3650,435,154.65,-45,621.588
12,3,3,3,nef,Node_1_172_1309_3650,1309,1092.24,431.436,1546.67
12,3,3,3,nef,Node_1_179_993_3650,993,637.722,80.7487,1221.88
12,3,3,3,nef,Node_1_181_771_1825,771,789.302,275.319,1581.03
12,3,3,3,nef,Node_1_233_150_3650,150,356.226,-34.7027,756.648
12,3,3,3,nef,Node_1_329_907_1825,907,1128.63,193.426,1825
12,3,3,3,nef,Node_1_362_1271_1825,1271,874.895,7.39362,1433.22
12,3,3,3,nef,Node_1_403_1541_3650,1541,441.217,-45,1032.42
12,3,3,3,nef,Node_1_426_752_1825,752,663.772,-45,1224.1
12,3,3,3,nef,Node_1_526_1732_1825,1732,1258.41,852.238,1460
12,3,3,3,nef,Node_1_542_640_1825,640,567.378,-0.147467,1291.51
12,3,3,3,nef,Node_1_573_1410_3650,1410,2706.75,2192.48,2920
12,3,3,3,nef,Node_1_615_1344_1825,1344,1320.55,580.375,1825
12,3,3,3,nef,Node_1_627_2769_3650,2769,3650,2781.43,3650
12,3,3,3,nef,Node_1_765_2613_3650,2613,1348.14,496.299,2324.97
12,3,3,3,nef,Node_1_817_1764_3650,1764,2271.5,1636.35,3202.73
12,3,3,3,nef,Node_1_871_771_3650,771,440.402,-45,1014.15
12,3,3,3,nef,Node_1_900_1010_1825,1010,954.502,-45,1825
12,3,3,3,nef,Node_1_930_1089_3650,1089,743.899,185.034,1333.14
12,3,3,3,nef,Node_1_1029_15_3650,15,93.3069,-45,325.094
12,3,3,3,nef,Node_1_1053_1094_3650,1094,1607.6,613.343,2665.53
12,3,3,3,nef,Node_1_1109_539_3650,539,18.4521,-45,683.091
12,3,3,3,nef,Node_1_1132_13_1825,13,-45,-45,259.414
12,3,3,3,nef,Node_1_1155_2789_3650,2789,3650,2516.73,3650
12,3,3,3,nef,Node_1_1220_2987_3650,2987,2566.02,1399.41,3650
12,3,3,3,nef,Node_1_1228_580_3650,580,645.571,-19.2562,1458.65
12,3,3,3,nef,Node_1_1235_1228_3650,1228,909.502,-45,1600.39
12,3,3,3,nef,Node_1_1245_1034_3650,1034,1870.99,983.504,2874.24
12,3,4,3,nef,Node_1_39_1234_1825,1234,1168.05,511.771,1825
12,3,4,3,nef,Node_1_61_433_3650,433,379.84,-32.9908,988.225
12,3,4,3,nef,Node_1_62_435_3650,435,250.743,-45,834.678
12,3,4,3,nef,Node_1_172_1309_3650,1309,950.593,494.846,1500.22
12,3,4,3,nef,Node_1_179_993_3650,993,763.333,142.072,1482.16
12,3,4,3,nef,Node_1_181_771_1825,771,100.376,-45,390.271
12,3,4,3,nef,Node_1_233_150_3650,150,573.483,5.77954,1104.79
12,3,4,3,nef,Node_1_329_907_1825,907,1825,1209.24,1825
12,3,4,3,nef,Node_1_362_1271_1825,1271,1597.38,766.664,1825
12,3,4,3,nef,Node_1_403_1541_3650,1541,1784.16,1435.55,2117.49
12,3,4,3,nef,Node_1_426_752_1825,752,849.408,205.589,1329.2
12,3,4,3,nef,Node_1_526_1732_1825,1732,1517.51,830.496,1825
12,3,4,3,nef,Node_1_542_640_1825,640,627.949,-45,1103.88
12,3,4,3,nef,Node_1_573_1410_3650,1410,2920.07,2720.2,2920.07
12,3,4,3,nef,Node_1_615_1344_1825,1344,669.523,195.686,1292.76
12,3,4,3,nef,Node_1_627_2769_3650,2769,3559.22,2923.78,3650
12,3,4,3,nef,Node_1_765_2613_3650,2613,1916.24,944.751,2933.54
12,3,4,3,nef,Node_1_817_1764_3650,1764,1140.36,789.168,1815.76
12,3,4,3,nef,Node_1_871_771_3650,771,778.289,88.4527,1284.32
12,3,4,3,nef,Node_1_900_1010_1825,1010,428.977,-45,860.463
12,3,4,3,nef,Node_1_930_1089_3650,1089,1108.44,516.135,1718.88
12,3,4,3,nef,Node_1_1029_15_3650,15,-45,-45,193.433
12,3,4,3,nef,Node_1_1053_1094_3650,1094,538.845,7.78895,1388.9
12,3,4,3,nef,Node_1_1109_539_3650,539,499.567,-33.8946,945.016
12,3,4,3,nef,Node_1_1132_13_1825,13,-45,-45,166.061
12,3,4,3,nef,Node_1_1155_2789_3650,2789,2743.33,1869.2,3650
12,3,4,3,nef,Node_1_1220_2987_3650,2987,1975.53,1212.52,2935.29
12,3,4,3,nef,Node_1_1228_580_3650,580,166.714,-45,571.329
12,3,4,3,nef,Node_1_1235_1228_3650,1228,811.172,159.885,1616.86
12,3,4,3,nef,Node_1_1245_1034_3650,1034,349.42,-45,818.591
12,3,5,3,nef,Node_1_39_1234_1825,1234,563.381,-45,1123.11
12,3,5,3,nef,Node_1_61_433_3650,433,272.41,-45,787.71
12,3,5,3,nef,Node_1_62_435_3650,435,272.41,-45,787.71
12,3,5,3,nef,Node_1_172_1309_3650,1309,1470.07,1026.5,1912.12
12,3,5,3,nef,Node_1_179_993_3650,993,778.647,122.748,1789.53
12,3,5,3,nef,Node_1_181_771_1825,771,295.984,-45,987.089
12,3,5,3,nef,Node_1_233_150_3650,150,338.248,-45,687.409
12,3,5,3,nef,Node_1_329_907_1825,907,1470.01,418.188,1825
12,3,5,3,nef,Node_1_362_1271_1825,1271,748.406,-45,1371.85
12,3,5,3,nef,Node_1_403_1541_3650,1541,1061.7,398.055,1716.29
12,3,5,3,nef,Node_1_426_752_1825,752,455.878,-14.551,1226.41
12,3,5,3,nef,Node_1_526_1732_1825,1732,1384,598.232,1825
12,3,5,3,nef,Node_1_542_640_1825,640,7.21918,-45,535.528
12,3,5,3,nef,Node_1_573_1410_3650,1410,3431.07,3187.16,3597.55
12,3,5,3,nef,Node_1_615_1344_1825,1344,1825,977.443,1825
12,3,5,3,nef,Node_1_627_2769_3650,2769,3226.79,2244.33,3650
12,3,5,3,nef,Node_1_765_2613_3650,2613,3650,2362.48,3650
12,3,5,3,nef,Node_1_817_1764_3650,1764,2084.8,1303.59,3404.41
12,3,5,3,nef,Node_1_871_771_3650,771,911.872,325.416,1722.65
12,3,5,3,nef,Node_1_900_1010_1825,1010,810.829,92.5287,1568.52
12,3,5,3,nef,Node_1_930_1089_3650,1089,1019.26,421.719,1725.71
12,3,5,3,nef,Node_1_1029_15_3650,15,-45,-45,207.86
12,3,5,3,nef,Node_1_1053_1094_3650,1094,2001.73,820.937,3274.86
12,3,5,3,nef,Node_1_1109_539_3650,539,773.866,301.184,1688.09
12,3,5,3,nef,Node_1_1132_13_1825,13,-45,-45,208.182
12,3,5,3,nef,Node_1_1155_2789_3650,2789,3650,2150.8,3650
12,3,5,3,nef,Node_1_1220_2987_3650,2987,3280.49,2138.38,3650
12,3,5,3,nef,Node_1_1228_580_3650,580,-45,-45,339.907
12,3,5,3,nef,Node_1_1235_1228_3650,1228,750.449,95.0335,1565.4
12,3,5,3,nef,Node_1_1245_1034_3650,1034,2464.59,964.171,3650
12,3,6,3,nef,Node_1_39_1234_1825,1234,339.717,-45,811.804
12,3,6,3,nef,Node_1_61_433_3650,433,243.684,-45,659.775
12,3,6,3,nef,Node_1_62_435_3650,435,243.684,-45,659.775
12,3,6,3,nef,Node_1_172_1309_3650,1309,1393.6,1107.23,1698.5
12,3,6,3,nef,Node_1_179_993_3650,993,867.581,258.614,1525.44
12,3,6,3,nef,Node_1_181_771_1825,771,616.61,54.5609,1106.83
12,3,6,3,nef,Node_1_233_150_3650,150,-45,-45,191.389
12,3,6,3,nef,Node_1_329_907_1825,907,1001.71,592.231,1789.31
12,3,6,3,nef,Node_1_362_1271_1825,1271,1442.97,829.128,1825
12,3,6,3,nef,Node_1_403_1541_3650,1541,1060.24,592.503,1711.51
12,3,6,3,nef,Node_1_426_752_1825,752,389.172,-45,1021.18
12,3,6,3,nef,Node_1_526_1732_1825,1732,1825,1219.46,1825
12,3,6,3,nef,Node_1_542_640_1825,640,729.152,86.3679,1395.18
12,3,6,3,nef,Node_1_573_1410_3650,1410,2620.84,2192.45,2920
12,3,6,3,nef,Node_1_615_1344_1825,1344,790.424,35.757,1774.33
12,3,6,3,nef,Node_1_627_2769_3650,2769,2831.51,2120.54,3557.62
12,3,6,3,nef,Node_1_765_2613_3650,2613,2438.86,1438.58,3515.48
12,3,6,3,nef,Node_1_817_1764_3650,1764,2347.96,1442.6,3124.74
12,3,6,3,nef,Node_1_871_771_3650,771,459.243,-45,986.393
12,3,6,3,nef,Node_1_900_1010_1825,1010,1492.94,641.093,1825
12,3,6,3,nef,Node_1_930_1089_3650,1089,1505.32,768.694,2280.17
12,3,6,3,nef,Node_1_1029_15_3650,15,-45,-45,252.838
12,3,6,3,nef,Node_1_1053_1094_3650,1094,1388.41,463.632,2325.59
12,3,6,3,nef,Node_1_1109_539_3650,539,104.833,-45,559.942
12,3,6,3,nef,Node_1_1132_13_1825,13,-45,-45,285.711
12,3,6,3,nef,Node_1_1155_2789_3650,2789,1761.85,1076.29,2402.43
12,3,6,3,nef,Node_1_1220_2987_3650,2987,3650,2551.43,3650
12,3,6,3,nef,Node_1_1228_580_3650,580,957.36,206.713,1443.56
12,3,6,3,nef,Node_1_1235_1228_3650,1228,1281.66,593.117,2093.94
12,3,6,3,nef,Node_1_1245_1034_3650,1034,469.921,-45,1076.39
12,3,7,3,nef,Node_1_39_1234_1825,1234,1825,951.057,1825
12,3,7,3,nef,Node_1_61_433_3650,433,672.064,66.8689,1343.26
12,3,7,3,nef,Node_1_62_435_3650,435,519.303,24.1196,1232.94
12,3,7,3,nef,Node_1_172_1309_3650,1309,1187.43,708.613,1652.58
12,3,7,3,nef,Node_1_179_993_3650,993,2222.27,1408.61,3241.9
12,3,7,3,nef,Node_1_181_771_1825,771,1205.34,631.435,1825
12,3,7,3,nef,Node_1_233_150_3650,150,52.1059,-45,485.691
12,3,7,3,nef,Node_1_329_907_1825,907,7.42714,-45,1044.53
12,3,7,3,nef,Node_1_362_1271_1825,1271,348.497,-45,1092.84
12,3,7,3,nef,Node_1_403_1541_3650,1541,1570.52,931.773,2140.41
12,3,7,3,nef,Node_1_426_752_1825,752,1709.02,815.56,1825
12,3,7,3,nef,Node_1_526_1732_1825,1732,912.569,299.257,1678.46
12,3,7,3,nef,Node_1_542_640_1825,640,581.681,8.84106,1094.24
12,3,7,3,nef,Node_1_573_1410_3650,1410,2920.08,2705.7,2920.08
12,3,7,3,nef,Node_1_615_1344_1825,1344,1825,669.166,1825
12,3,7,3,nef,Node_1_627_2769_3650,2769,2321.59,1464.18,3086.38
12,3,7,3,nef,Node_1_765_2613_3650,2613,3203.13,2277.96,3650
12,3,7,3,nef,Node_1_817_1764_3650,1764,1148.58,627.53,1836.11
12,3,7,3,nef,Node_1_871_771_3650,771,769.906,69.7969,1616.46
12,3,7,3,nef,Node_1_900_1010_1825,1010,1123.01,242.755,1825
12,3,7,3,nef,Node_1_930_1089_3650,1089,1165.5,520.853,2033.95
12,3,7,3,nef,Node_1_1029_15_3650,15,-45,-45,244.387
12,3,7,3,nef,Node_1_1053_1094_3650,1094,980.483,243.143,1773.15
12,3,7,3,nef,Node_1_1109_539_3650,539,123.273,-45,577.312
12,3,7,3,nef,Node_1_1132_13_1825,13,-45,-45,210.938
12,3,7,3,nef,Node_1_1155_2789_3650,2789,2126.55,1282.93,3179.87
12,3,7,3,nef,Node_1_1220_2987_3650,2987,3650,2475.78,3650
12,3,7,3,nef,Node_1_1228_580_3650,580,567.18,-45,971.342
12,3,7,3,nef,Node_1_1235_1228_3650,1228,1215.71,349.393,2281.63
12,3,7,3,nef,Node_1_1245_1034_3650,1034,679.675,77.6718,1285.07
12,3,8,3,nef,Node_1_39_1234_1825,1234,1825,738.751,1825
12,3,8,3,nef,Node_1_61_433_3650,433,-17.1927,-45,218.864
12,3,8,3,nef,Node_1_62_435_3650,435,-17.1927,-45,218.864
12,3,8,3,nef,Node_1_172_1309_3650,1309,1083.55,709.915,1498.24
12,3,8,3,nef,Node_1_179_993_3650,993,1055.73,386.314,1787.37
12,3,8,3,nef,Node_1_181_771_1825,771,691.875,0.921383,1192.45
12,3,8,3,nef,Node_1_233_150_3650,150,139.805,-45,511.533
12,3,8,3,nef,Node_1_329_907_1825,907,1730.67,986.168,1825
12,3,8,3,nef,Node_1_362_1271_1825,1271,1538.06,812.164,1825
12,3,8,3,nef,Node_1_403_1541_3650,1541,1328.78,725.755,1951.72
12,3,8,3,nef,Node_1_426_752_1825,752,1707.25,692.458,1825
12,3,8,3,nef,Node_1_526_1732_1825,1732,1150.82,620.681,1570.95
12,3,8,3,nef,Node_1_542_640_1825,640,169.09,-45,440.848
12,3,8,3,nef,Node_1_573_1410_3650,1410,2909.75,2463.34,3209.72
12,3,8,3,nef,Node_1_615_1344_1825,1344,1613.82,489.061,1825
12,3,8,3,nef,Node_1_627_2769_3650,2769,2072.77,1483.63,2704.96
12,3,8,3,nef,Node_1_765_2613_3650,2613,2548.33,1718.56,3554.81
12,3,8,3,nef,Node_1_817_1764_3650,1764,1783.89,1108.98,2525.41
12,3,8,3,nef,Node_1_871_771_3650,771,1192.52,450.247,1920.49
12,3,8,3,nef,Node_1_900_1010_1825,1010,692.647,166.713,1268.62
12,3,8,3,nef,Node_1_930_1089_3650,1089,603.463,134.988,1247.45
12,3,8,3,nef,Node_1_1029_15_3650,15,-45,-45,119.249
12,3,8,3,nef,Node_1_1053_1094_3650,1094,1523.71,732.921,2132.77
12,3,8,3,nef,Node_1_1109_539_3650,539,42.448,-45,508.194
12,3,8,3,nef,Node_1_1132_13_1825,13,-45,-45,119.249
12,3,8,3,nef,Node_1_1155_2789_3650,2789,3650,2810.84,3650
12,3,8,3,nef,Node_1_1220_2987_3650,2987,2059.56,1176.61,2969.6
12,3,8,3,nef,Node_1_1228_580_3650,580,586.451,-4.98353,1218.79
12,3,8,3,nef,Node_1_1235_1228_3650,1228,1400.57,630.894,2237.84
12,3,8,3,nef,Node_1_1245_1034_3650,1034,911.287,297.64,1716.45
12,3,9,3,nef,Node_1_39_1234_1825,1234,1303.08,435.793,1825
12,3,9,3,nef,Node_1_61_433_3650,433,260.825,-45,1177.8
12,3,9,3,nef,Node_1_62_435_3650,435,113.283,-45,964.478
12,3,9,3,nef,Node_1_172_1309_3650,1309,870.853,489.626,1185.23
12,3,9,3,nef,Node_1_179_993_3650,993,1152.3,371.901,1827.44
12,3,9,3,nef,Node_1_181_771_1825,771,967.232,457.075,1460.75
12,3,9,3,nef,Node_1_233_150_3650,150,-45,-45,280.925
12,3,9,3,nef,Node_1_329_907_1825,907,1512.57,543.328,1825
12,3,9,3,nef,Node_1_362_1271_1825,1271,1733.55,904.177,1825
12,3,9,3,nef,Node_1_403_1541_3650,1541,1875.14,1486.22,2190
12,3,9,3,nef,Node_1_426_752_1825,752,383.631,-45,837.828
12,3,9,3,nef,Node_1_526_1732_1825,1732,1196.79,717.177,1770.13
12,3,9,3,nef,Node_1_542_640_1825,640,368.029,-45,788.598
12,3,9,3,nef,Node_1_573_1410_3650,1410,3102.58,2852.12,3285
12,3,9,3,nef,Node_1_615_1344_1825,1344,545.898,-45,1218.63
12,3,9,3,nef,Node_1_627_2769_3650,2769,1955.95,1310.71,2865.08
12,3,9,3,nef,Node_1_765_2613_3650,2613,1334.86,437.047,2096.45
12,3,9,3,nef,Node_1_817_1764_3650,1764,1813.75,1160.43,2620.14
12,3,9,3,nef,Node_1_871_771_3650,771,1075.99,437.983,1871.66
12,3,9,3,nef,Node_1_900_1010_1825,1010,1203.38,380.466,1825
12,3,9,3,nef,Node_1_930_1089_3650,1089,677.584,89.8384,1387.99
12,3,9,3,nef,Node_1_1029_15_3650,15,-45,-45,246.17
12,3,9,3,nef,Node_1_1053_1094_3650,1094,2526.54,1474.94,3569.56
12,3,9,3,nef,Node_1_1109_539_3650,539,1693.44,970.688,2595.92
12,3,9,3,nef,Node_1_1132_13_1825,13,-45,-45,304.264
12,3,9,3,nef,Node_1_1155_2789_3650,2789,2384.11,1245.25,3285.6
12,3,9,3,nef,Node_1_1220_2987_3650,2987,2243.39,1110.01,3344.26
12,3,9,3,nef,Node_1_1228_580_3650,580,557.692,-45,1328.45
12,3,9,3,nef,Node_1_1235_1228_3650,1228,1621.42,475.711,2737.95
12,3,9,3,nef,Node_1_1245_1034_3650,1034,1428.04,601.255,2233.98
12,3,10,3,nef,Node_1_39_1234_1825,1234,662.924,-45,1429.26
12,3,10,3,nef,Node_1_61_433_3650,433,306.6,-45,1054.89
12,3,10,3,nef,Node_1_62_435_3650,435,473.266,-45,1211.39
12,3,10,3,nef,Node_1_172_1309_3650,1309,793.207,314.994,1341.33
12,3,10,3,nef,Node_1_179_993_3650,993,664.262,-1.41882,1558.89
12,3,10,3,nef,Node_1_181_771_1825,771,-45,-45,404.018
12,3,10,3,nef,Node_1_233_150_3650,150,135.002,-45,365
12,3,10,3,nef,Node_1_329_907_1825,907,1825,573.892,1825
12,3,10,3,nef,Node_1_362_1271_1825,1271,-33.7258,-45,432.663
12,3,10,3,nef,Node_1_403_1541_3650,1541,1682.66,1098.15,2391.15
12,3,10,3,nef,Node_1_426_752_1825,752,474.385,-45,1349.86
12,3,10,3,nef,Node_1_526_1732_1825,1732,552.329,-7.55989,1149.97
12,3,10,3,nef,Node_1_542_640_1825,640,506.177,-45,1305.31
12,3,10,3,nef,Node_1_573_1410_3650,1410,2920.09,2561.59,2920.09
12,3,10,3,nef,Node_1_615_1344_1825,1344,1499.01,670.116,1825
12,3,10,3,nef,Node_1_627_2769_3650,2769,2362.07,1699.64,3436.95
12,3,10,3,nef,Node_1_765_2613_3650,2613,2776.83,1685.02,3650
12,3,10,3,nef,Node_1_817_1764_3650,1764,1352.16,765.596,2085.13
12,3,10,3,nef,Node_1_871_771_3650,771,379.355,-45,1136.46
12,3,10,3,nef,Node_1_900_1010_1825,1010,366.644,-45,1059.33
12,3,10,3,nef,Node_1_930_1089_3650,1089,930.035,19.1501,1804.32
12,3,10,3,nef,Node_1_1029_15_3650,15,-45,-45,355.268
12,3,10,3,nef,Node_1_1053_1094_3650,1094,1722.38,675.003,2946.7
12,3,10,3,nef,Node_1_1109_539_3650,539,475.597,-45,1090.31
12,3,10,3,nef,Node_1_1132_13_1825,13,-45,-45,369.488
12,3,10,3,nef,Node_1_1155_2789_3650,2789,2406.94,1400.1,3357.08
12,3,10,3,nef,Node_1_1220_2987_3650,2987,3387.67,2064,3650
12,3,10,3,nef,Node_1_1228_580_3650,580,-25.7734,-45,242.068
12,3,10,3,nef,Node_1_1235_1228_3650,1228,1550.53,648.795,2574.65
12,3,10,3,nef,Node_1_1245_1034_3650,1034,1516.07,684.99,2510.49
12,3,11,3,nef,Node_1_39_1234_1825,1234,973.279,324.136,1490.41
12,3,11,3,nef,Node_1_61_433_3650,433,-45,-45,182.963
12,3,11,3,nef,Node_1_62_435_3650,435,-45,-45,121.093
12,3,11,3,nef,Node_1_172_1309_3650,1309,1197.34,718.942,1653.7
12,3,11,3,nef,Node_1_179_993_3650,993,1316.16,664.194,1979.64
12,3,11,3,nef,Node_1_181_771_1825,771,836.097,318.669,1246.23
12,3,11,3,nef,Node_1_233_150_3650,150,128.036,-45,416.935
12,3,11,3,nef,Node_1_329_907_1825,907,230.39,-42.6808,434.521
12,3,11,3,nef,Node_1_362_1271_1825,1271,1282.27,531.732,1825
12,3,11,3,nef,Node_1_403_1541_3650,1541,1173.54,608.771,1687.32
12,3,11,3,nef,Node_1_426_752_1825,752,1090.15,479.446,1806.82
12,3,11,3,nef,Node_1_526_1732_1825,1732,1825,1199.26,1825
12,3,11,3,nef,Node_1_542_640_1825,640,423.177,-45,845.437
12,3,11,3,nef,Node_1_573_1410_3650,1410,3285.07,2969.93,3615.91
12,3,11,3,nef,Node_1_615_1344_1825,1344,861.342,244.372,1559.61
12,3,11,3,nef,Node_1_627_2769_3650,2769,2681.89,1943.75,3533.09
12,3,11,3,nef,Node_1_765_2613_3650,2613,2581.22,1523.06,3650
12,3,11,3,nef,Node_1_817_1764_3650,1764,2421.94,1511.32,3435.74
12,3,11,3,nef,Node_1_871_771_3650,771,524.475,-45,1158.05
12,3,11,3,nef,Node_1_900_1010_1825,1010,1390.18,715.627,1825
12,3,11,3,nef,Node_1_930_1089_3650,1089,582.647,102.29,1222.38
12,3,11,3,nef,Node_1_1029_15_3650,15,-45,-45,172.888
12,3,11,3,nef,Node_1_1053_1094_3650,1094,1148.14,635.662,1866.57
12,3,11,3,nef,Node_1_1109_539_3650,539,330.686,-45,881.057
12,3,11,3,nef,Node_1_1132_13_1825,13,-45,-45,150.754
12,3,11,3,nef,Node_1_1155_2789_3650,2789,2842,2288.55,3650
12,3,11,3,nef,Node_1_1220_2987_3650,2987,3358.58,2370.38,3650
12,3,11,3,nef,Node_1_1228_580_3650,580,394.112,-45,859.457
12,3,11,3,nef,Node_1_1235_1228_3650,1228,1248.98,474.018,2087.15
12,3,11,3,nef,Node_1_1245_1034_3650,1034,858.476,281.107,1461.81
12,3,12,3,nef,Node_1_39_1234_1825,1234,1260.46,499.094,1825
12,3,12,3,nef,Node_1_61_433_3650,433,250.282,-45,892.532
12,3,12,3,nef,Node_1_62_435_3650,435,387.271,-45,1104.1
12,3,12,3,nef,Node_1_172_1309_3650,1309,1123.42,778.913,1491.72
12,3,12,3,nef,Node_1_179_993_3650,993,702.747,194.095,1380.24
12,3,12,3,nef,Node_1_181_771_1825,771,559.305,-19.9015,1063.17
12,3,12,3,nef,Node_1_233_150_3650,150,556.404,-4.5577,1140.78
12,3,12,3,nef,Node_1_329_907_1825,907,59.0013,-45,532.531
12,3,12,3,nef,Node_1_362_1271_1825,1271,1412.94,767.233,1825
12,3,12,3,nef,Node_1_403_1541_3650,1541,1558.38,858.157,2114.23
12,3,12,3,nef,Node_1_426_752_1825,752,110.238,-45,512.541
12,3,12,3,nef,Node_1_526_1732_1825,1732,1825,1213.42,1825
12,3,12,3,nef,Node_1_542_640_1825,640,595.538,125.954,1313.91
12,3,12,3,nef,Node_1_573_1410_3650,1410,3093.25,2820.75,3285
12,3,12,3,nef,Node_1_615_1344_1825,1344,1825,877.949,1825
12,3,12,3,nef,Node_1_627_2769_3650,2769,3175.13,2444.84,3650
12,3,12,3,nef,Node_1_765_2613_3650,2613,2409.83,1215.08,3650
12,3,12,3,nef,Node_1_817_1764_3650,1764,2085.66,1421.32,2888.09
12,3,12,3,nef,Node_1_871_771_3650,771,476.281,-45,1203.77
12,3,12,3,nef,Node_1_900_1010_1825,1010,1333.23,666.176,1825
12,3,12,3,nef,Node_1_930_1089_3650,1089,1271.07,652.505,1818.83
12,3,12,3,nef,Node_1_1029_15_3650,15,-45,-45,316.401
12,3,12,3,nef,Node_1_1053_1094_3650,1094,1041.48,254.13,1892.52
12,3,12,3,nef,Node_1_1109_539_3650,539,506.162,-9.12014,1510.41
12,3,12,3,nef,Node_1_1132_13_1825,13,-45,-45,206.754
12,3,12,3,nef,Node_1_1155_2789_3650,2789,3078.3,2266.82,3650
12,3,12,3,nef,Node_1_1220_2987_3650,2987,2931.56,2009.88,3650
12,3,12,3,nef,Node_1_1228_580_3650,580,663.609,31.497,1272.69
12,3,12,3,nef,Node_1_1235_1228_3650,1228,2270.42,1497.25,3391.94
12,3,12,3,nef,Node_1_1245_1034_3650,1034,534.11,-31.5151,1140.25
12,3,13,3,nef,Node_1_39_1234_1825,1234,1403.19,651.428,1825
12,3,13,3,nef,Node_1_61_433_3650,433,-45,-45,445.441
12,3,13,3,nef,Node_1_62_435_3650,435,-45,-45,336.413
12,3,13,3,nef,Node_1_172_1309_3650,1309,1527.77,1153.56,1951.29
12,3,13,3,nef,Node_1_179_993_3650,993,1472.88,448.362,2558.21
12,3,13,3,nef,Node_1_181_771_1825,771,809.344,108.8,1376.23
12,3,13,3,nef,Node_1_233_150_3650,150,-45,-45,394.152
12,3,13,3,nef,Node_1_329_907_1825,907,899.351,148.096,1745.19
12,3,13,3,nef,Node_1_362_1271_1825,1271,1507.74,930.779,1825
12,3,13,3,nef,Node_1_403_1541_3650,1541,1575.65,1021.85,2095.26
12,3,13,3,nef,Node_1_426_752_1825,752,714.586,42.7306,1223.81
12,3,13,3,nef,Node_1_526_1732_1825,1732,1825,1357.83,1825
12,3,13,3,nef,Node_1_542_640_1825,640,662.678,-24.2898,1409.32
12,3,13,3,nef,Node_1_573_1410_3650,1410,2920.08,2713.22,2920.08
12,3,13,3,nef,Node_1_615_1344_1825,1344,1675.15,808.925,1825
12,3,13,3,nef,Node_1_627_2769_3650,2769,2718.71,1809.18,3626.87
12,3,13,3,nef,Node_1_765_2613_3650,2613,2106.79,1143.76,2845.78
12,3,13,3,nef,Node_1_817_1764_3650,1764,2275.35,1533.87,3151.66
12,3,13,3,nef,Node_1_871_771_3650,771,1116.85,362.823,1775.29
12,3,13,3,nef,Node_1_900_1010_1825,1010,779.507,138.05,1588.55
12,3,13,3,nef,Node_1_930_1089_3650,1089,1590.05,716.261,2429.68
12,3,13,3,nef,Node_1_1029_15_3650,15,-45,-45,229.405
12,3,13,3,nef,Node_1_1053_1094_3650,1094,1236.24,589.859,2178.29
12,3,13,3,nef,Node_1_1109_539_3650,539,511.016,49.7379,1233.27
12,3,13,3,nef,Node_1_1132_13_1825,13,-45,-45,263.891
12,3,13,3,nef,Node_1_1155_2789_3650,2789,3437.43,2192.71,3650
12,3,13,3,nef,Node_1_1220_2987_3650,2987,3326.84,2206.89,3650
12,3,13,3,nef,Node_1_1228_580_3650,580,-45,-45,291.105
12,3,13,3,nef,Node_1_1235_1228_3650,1228,1252.42,416.98,2105.78
12,3,13,3,nef,Node_1_1245_1034_3650,1034,1596.29,784.476,2579.06
12,3,14,3,nef,Node_1_39_1234_1825,1234,1661.87,706.447,1825
12,3,14,3,nef,Node_1_61_433_3650,433,166.903,-45,596.087
12,3,14,3,nef,Node_1_62_435_3650,435,166.903,-45,596.087
12,3,14,3,nef,Node_1_172_1309_3650,1309,1512.96,1106.48,1795.1
12,3,14,3,nef,Node_1_179_993_3650,993,1613.99,810.768,2390.92
12,3,14,3,nef,Node_1_181_771_1825,771,1139.87,419.443,1698.79
12,3,14,3,nef,Node_1_233_150_3650,150,-45,-45,233.64
12,3,14,3,nef,Node_1_329_907_1825,907,1415.35,485.55,1825
12,3,14,3,nef,Node_1_362_1271_1825,1271,1314.05,651.106,1825
12,3,14,3,nef,Node_1_403_1541_3650,1541,1563.81,1185.18,2007.02
12,3,14,3,nef,Node_1_426_752_1825,752,599.315,-45,1353.38
12,3,14,3,nef,Node_1_526_1732_1825,1732,1491.99,1050.01,1825
12,3,14,3,nef,Node_1_542_640_1825,640,835.499,248.375,1586.17
12,3,14,3,nef,Node_1_573_1410_3650,1410,3033.55,2804.53,3226.96
12,3,14,3,nef,Node_1_615_1344_1825,1344,1684.28,854.719,1825
12,3,14,3,nef,Node_1_627_2769_3650,2769,3256.17,2604.37,3650
12,3,14,3,nef,Node_1_765_2613_3650,2613,2972.27,2265.45,3650
12,3,14,3,nef,Node_1_817_1764_3650,1764,2449.98,1480.59,3497.84
12,3,14,3,nef,Node_1_871_771_3650,771,297.282,-45,840.649
12,3,14,3,nef,Node_1_900_1010_1825,1010,935.916,243.461,1825
12,3,14,3,nef,Node_1_930_1089_3650,1089,1656.41,918.67,2286.94
12,3,14,3,nef,Node_1_1029_15_3650,15,-45,-45,249.651
12,3,14,3,nef,Node_1_1053_1094_3650,1094,1074.37,344.296,1685.95
12,3,14,3,nef,Node_1_1109_539_3650,539,1427.68,522.52,2306.2
12,3,14,3,nef,Node_1_1132_13_1825,13,-45,-45,245.042
12,3,14,3,nef,Node_1_1155_2789_3650,2789,2232.72,1279.79,3152.91
12,3,14,3,nef,Node_1_1220_2987_3650,2987,3633.84,2304.27,3650
12,3,14,3,nef,Node_1_1228_580_3650,580,858.357,228.336,1249.44
12,3,14,3,nef,Node_1_1235_1228_3650,1228,1927.23,1079.28,2719.34
12,3,14,3,nef,Node_1_1245_1034_3650,1034,261.399,-45,914.08
12,3,15,3,nef,Node_1_39_1234_1825,1234,561.675,56.5725,1202.51
12,3,15,3,nef,Node_1_61_433_3650,433,215.978,-45,685.401
12,3,15,3,nef,Node_1_62_435_3650,435,215.978,-45,685.401
12,3,15,3,nef,Node_1_172_1309_3650,1309,1248.32,965.492,1503.88
12,3,15,3,nef,Node_1_179_993_3650,993,975.256,325.066,1705.63
12,3,15,3,nef,Node_1_181_771_1825,771,965.138,324.793,1552.82
12,3,15,3,nef,Node_1_233_150_3650,150,-45,-45,149.23
12,3,15,3,nef,Node_1_329_907_1825,907,500.567,37.4115,975.268
12,3,15,3,nef,Node_1_362_1271_1825,1271,1477.44,647.954,1825
12,3,15,3,nef,Node_1_403_1541_3650,1541,1458.28,946.445,2184.11
12,3,15,3,nef,Node_1_426_752_1825,752,737.145,254.129,1422.7
12,3,15,3,nef,Node_1_526_1732_1825,1732,1825,1235.45,1825
12,3,15,3,nef,Node_1_542_640_1825,640,863.821,283.091,1636.49
12,3,15,3,nef,Node_1_573_1410_3650,1410,3285.06,3161.88,3285.06
12,3,15,3,nef,Node_1_615_1344_1825,1344,1825,872.145,1825
12,3,15,3,nef,Node_1_627_2769_3650,2769,2426.96,1788.91,2877.11
12,3,15,3,nef,Node_1_765_2613_3650,2613,2726.25,1734.86,3650
12,3,15,3,nef,Node_1_817_1764_3650,1764,2283.67,1531.93,3088.64
12,3,15,3,nef,Node_1_871_771_3650,771,468.167,112.071,1028.2
12,3,15,3,nef,Node_1_900_1010_1825,1010,1742.98,1147.9,1825
12,3,15,3,nef,Node_1_930_1089_3650,1089,1217.62,649.227,1939.22
12,3,15,3,nef,Node_1_1029_15_3650,15,-45,-45,132.229
12,3,15,3,nef,Node_1_1053_1094_3650,1094,1206.17,618.03,1920.42
12,3,15,3,nef,Node_1_1109_539_3650,539,865.778,315.664,1549.46
12,3,15,3,nef,Node_1_1132_13_1825,13,-45,-45,113.186
12,3,15,3,nef,Node_1_1155_2789_3650,2789,3355.35,2232.67,3650
12,3,15,3,nef,Node_1_1220_2987_3650,2987,3650,2497.94,3650
12,3,15,3,nef,Node_1_1228_580_3650,580,97.3949,-45,383.388
12,3,15,3,nef,Node_1_1235_1228_3650,1228,1365.12,728.576,2272.11
12,3,15,3,nef,Node_1_1245_1034_3650,1034,1770.14,947.422,2531.18
12,3,16,3,nef,Node_1_39_1234_1825,1234,1730.3,974.797,1825
12,3,16,3,nef,Node_1_61_433_3650,433,224.529,-45,647.613
12,3,16,3,nef,Node_1_62_435_3650,435,354.636,13.4918,727.278
12,3,16,3,nef,Node_1_172_1309_3650,1309,1643.28,1254.02,1921.51
12,3,16,3,nef,Node_1_179_993_3650,993,911.591,527.625,1435.76
12,3,16,3,nef,Node_1_181_771_1825,771,1165.7,676.05,1537.11
12,3,16,3,nef,Node_1_233_150_3650,150,3.53564,-45,157.98
12,3,16,3,nef,Node_1_329_907_1825,907,614.728,103.718,1427.17
12,3,16,3,nef,Node_1_362_1271_1825,1271,1353.57,756.032,1825
12,3,16,3,nef,Node_1_403_1541_3650,1541,1210.29,805.994,1659.86
12,3,16,3,nef,Node_1_426_752_1825,752,661.404,23.7859,1379.53
12,3,16,3,nef,Node_1_526_1732_1825,1732,1825,1313.71,1825
12,3,16,3,nef,Node_1_542_640_1825,640,909.442,323.196,1622.31
12,3,16,3,nef,Node_1_573_1410_3650,1410,2889.32,2693.97,2920
12,3,16,3,nef,Node_1_615_1344_1825,1344,939.649,376.175,1612.33
12,3,16,3,nef,Node_1_627_2769_3650,2769,3521.77,2797.92,3650
12,3,16,3,nef,Node_1_765_2613_3650,2613,2644.94,1787.71,3596.77
12,3,16,3,nef,Node_1_817_1764_3650,1764,1625.54,882.245,2266.56
12,3,16,3,nef,Node_1_871_771_3650,771,2168.51,1437.73,3079.56
12,3,16,3,nef,Node_1_900_1010_1825,1010,1825,1110.91,1825
12,3,16,3,nef,Node_1_930_1089_3650,1089,1007.24,375.374,1549.03
12,3,16,3,nef,Node_1_1029_15_3650,15,3.53564,-45,157.98
12,3,16,3,nef,Node_1_1053_1094_3650,1094,654.248,153.261,1276.85
12,3,16,3,nef,Node_1_1109_539_3650,539,141.829,-45,473.768
12,3,16,3,nef,Node_1_1132_13_1825,13,11.1274,-45,192.626
12,3,16,3,nef,Node_1_1155_2789_3650,2789,1876.51,1072.34,2839.68
12,3,16,3,nef,Node_1_1220_2987_3650,2987,3650,2426.1,3650
12,3,16,3,nef,Node_1_1228_580_3650,580,688.536,305.089,1223.89
12,3,16,3,nef,Node_1_1235_1228_3650,1228,973.914,323.457,1620.68
12,3,16,3,nef,Node_1_1245_1034_3650,1034,1025.87,451.263,1727.6
12,3,17,3,nef,Node_1_39_1234_1825,1234,818.569,-13.444,1772.11
12,3,17,3,nef,Node_1_61_433_3650,433,265.03,-45,529.901
12,3,17,3,nef,Node_1_62_435_3650,435,394.331,16.8682,791.477
12,3,17,3,nef,Node_1_172_1309_3650,1309,1440.52,883.118,1912.39
12,3,17,3,nef,Node_1_179_993_3650,993,298.747,-45,590.07
12,3,17,3,nef,Node_1_181_771_1825,771,181.466,-45,557.377
12,3,17,3,nef,Node_1_233_150_3650,150,-45,-45,113.744
12,3,17,3,nef,Node_1_329_907_1825,907,862.585,223.686,1628.93
12,3,17,3,nef,Node_1_362_1271_1825,1271,965.578,305.962,1516.36
12,3,17,3,nef,Node_1_403_1541_3650,1541,1913.34,1389.89,2430.54
12,3,17,3,nef,Node_1_426_752_1825,752,870.488,92.3671,1636.61
12,3,17,3,nef,Node_1_526_1732_1825,1732,1806.28,1197.15,1825
12,3,17,3,nef,Node_1_542_640_1825,640,234.962,-45,723.402
12,3,17,3,nef,Node_1_573_1410_3650,1410,2847.85,2543.63,2920
12,3,17,3,nef,Node_1_615_1344_1825,1344,825.335,249.112,1533.94
12,3,17,3,nef,Node_1_627_2769_3650,2769,2604.36,1822.68,3454.76
12,3,17,3,nef,Node_1_765_2613_3650,2613,3650,2710.33,3650
12,3,17,3,nef,Node_1_817_1764_3650,1764,2961.07,1989.12,3650
12,3,17,3,nef,Node_1_871_771_3650,771,51.7197,-45,325.138
12,3,17,3,nef,Node_1_900_1010_1825,1010,914.114,4.90475,1602.03
12,3,17,3,nef,Node_1_930_1089_3650,1089,1224.84,493.636,2007.91
12,3,17,3,nef,Node_1_1029_15_3650,15,249.341,-45,544.351
12,3,17,3,nef,Node_1_1053_1094_3650,1094,1305.65,652.479,2123.52
12,3,17,3,nef,Node_1_1109_539_3650,539,220.129,-45,776.284
12,3,17,3,nef,Node_1_1132_13_1825,13,-45,-45,205.485
12,3,17,3,nef,Node_1_1155_2789_3650,2789,2126.56,1084.13,3117.97
12,3,17,3,nef,Node_1_1220_2987_3650,2987,3526.57,2350.19,3650
12,3,17,3,nef,Node_1_1228_580_3650,580,932.092,258.629,1539.89
12,3,17,3,nef,Node_1_1235_1228_3650,1228,1584.25,735.544,2458.59
12,3,17,3,nef,Node_1_1245_1034_3650,1034,1180.21,408.583,2275.88
12,3,18,3,nef,Node_1_39_1234_1825,1234,756.813,92.0757,1386.58
12,3,18,3,nef,Node_1_61_433_3650,433,56.6609,-45,829.542
12,3,18,3,nef,Node_1_62_435_3650,435,-45,-45,429.163
12,3,18,3,nef,Node_1_172_1309_3650,1309,1023.2,611.059,1436.56
12,3,18,3,nef,Node_1_179_993_3650,993,1744.44,920.878,2548.05
12,3,18,3,nef,Node_1_181_771_1825,771,1190.49,502.839,1768.03
12,3,18,3,nef,Node_1_233_150_3650,150,188.351,-45,656.607
12,3,18,3,nef,Node_1_329_907_1825,907,498.664,-45,1135.19
12,3,18,3,nef,Node_1_362_1271_1825,1271,1651.34,876.313,1825
12,3,18,3,nef,Node_1_403_1541_3650,1541,1659.46,1143.75,2183.17
12,3,18,3,nef,Node_1_426_752_1825,752,68.0584,-45,494.266
12,3,18,3,nef,Node_1_526_1732_1825,1732,1413.85,998.699,1460
12,3,18,3,nef,Node_1_542_640_1825,640,964.318,136.339,1797.11
12,3,18,3,nef,Node_1_573_1410_3650,1410,2920.08,2673.3,2920.08
12,3,18,3,nef,Node_1_615_1344_1825,1344,1699.19,698.45,1825
12,3,18,3,nef,Node_1_627_2769_3650,2769,3087.13,2448.76,3650
12,3,18,3,nef,Node_1_765_2613_3650,2613,2017.19,1106.63,2980.9
12,3,18,3,nef,Node_1_817_1764_3650,1764,1963.77,919.163,3133.91
12,3,18,3,nef,Node_1_871_771_3650,771,890.217,227.035,1744.95
12,3,18,3,nef,Node_1_900_1010_1825,1010,1264.88,320.607,1825
12,3,18,3,nef,Node_1_930_1089_3650,1089,1211.31,355.619,2127.29
12,3,18,3,nef,Node_1_1029_15_3650,15,-45,-45,443.435
12,3,18,3,nef,Node_1_1053_1094_3650,1094,1178.5,527.463,1975.3
12,3,18,3,nef,Node_1_1109_539_3650,539,-5.03188,-45,393.376
12,3,18,3,nef,Node_1_1132_13_1825,13,-45,-45,342.238
12,3,18,3,nef,Node_1_1155_2789_3650,2789,3455.31,2480.89,3650
12,3,18,3,nef,Node_1_1220_2987_3650,2987,3650,2323.66,3650
12,3,18,3,nef,Node_1_1228_580_3650,580,1517.12,611.24,2160.17
12,3,18,3,nef,Node_1_1235_1228_3650,1228,1146.43,503.557,2005.17
12,3,18,3,nef,Node_1_1245_1034_3650,1034,504.497,-45,1116.35
12,3,19,3,nef,Node_1_39_1234_1825,1234,799.757,48.384,1715.4
12,3,19,3,nef,Node_1_61_433_3650,433,1024.39,430.708,1668.53
12,3,19,3,nef,Node_1_62_435_3650,435,1024.39,430.708,1668.53
12,3,19,3,nef,Node_1_172_1309_3650,1309,1676.19,1313.41,2026.9
12,3,19,3,nef,Node_1_179_993_3650,993,936.132,257.724,1510.22
12,3,19,3,nef,Node_1_181_771_1825,771,857.963,299.796,1230.51
12,3,19,3,nef,Node_1_233_150_3650,150,-45,-45,405.349
12,3,19,3,nef,Node_1_329_907_1825,907,262.841,-45,697.675
12,3,19,3,nef,Node_1_362_1271_1825,1271,647.784,-45,1477.86
12,3,19,3,nef,Node_1_403_1541_3650,1541,1185.97,577.463,1720.98
12,3,19,3,nef,Node_1_426_752_1825,752,572.714,-3.22188,1025.79
12,3,19,3,nef,Node_1_526_1732_1825,1732,1243.94,722.057,1801.46
12,3,19,3,nef,Node_1_542_640_1825,640,140.048,-45,580.099
12,3,19,3,nef,Node_1_573_1410_3650,1410,3427,3096.85,3607.06
12,3,19,3,nef,Node_1_615_1344_1825,1344,1825,929.555,1825
12,3,19,3,nef,Node_1_627_2769_3650,2769,2361.17,1589.87,3154.32
12,3,19,3,nef,Node_1_765_2613_3650,2613,3384.47,2303.21,3650
12,3,19,3,nef,Node_1_817_1764_3650,1764,2180.1,1358.09,3247.4
12,3,19,3,nef,Node_1_871_771_3650,771,267.14,-45,807.876
12,3,19,3,nef,Node_1_900_1010_1825,1010,1191.64,454.353,1825
12,3,19,3,nef,Node_1_930_1089_3650,1089,1502.39,485.89,2420.48
12,3,19,3,nef,Node_1_1029_15_3650,15,169.665,-45,365
12,3,19,3,nef,Node_1_1053_1094_3650,1094,2896.03,1672.77,3650
12,3,19,3,nef,Node_1_1109_539_3650,539,1069.62,210.094,2029.5
12,3,19,3,nef,Node_1_1132_13_1825,13,-45,-45,372.413
12,3,19,3,nef,Node_1_1155_2789_3650,2789,2366.61,1337.52,3494.18
12,3,19,3,nef,Node_1_1220_2987_3650,2987,2500.52,1467.19,3650
12,3,19,3,nef,Node_1_1228_580_3650,580,521.901,-45,1063.66
12,3,19,3,nef,Node_1_1235_1228_3650,1228,1807.63,774.573,2560.44
12,3,19,3,nef,Node_1_1245_1034_3650,1034,1086.49,333.059,1975.71
12,3,20,3,nef,Node_1_39_1234_1825,1234,1433.17,740.552,1825
12,3,20,3,nef,Node_1_61_433_3650,433,205.647,-45,694.223
12,3,20,3,nef,Node_1_62_435_3650,435,205.647,-45,694.223
12,3,20,3,nef,Node_1_172_1309_3650,1309,895.907,426.912,1261.68
12,3,20,3,nef,Node_1_179_993_3650,993,1455.29,798.967,2175.1
12,3,20,3,nef,Node_1_181_771_1825,771,752.316,245.291,1151.83
12,3,20,3,nef,Node_1_233_150_3650,150,-45,-45,203.52
12,3,20,3,nef,Node_1_329_907_1825,907,704.873,11.9064,1383.16
12,3,20,3,nef,Node_1_362_1271_1825,1271,466.358,-45,1181.39
12,3,20,3,nef,Node_1_403_1541_3650,1541,1341.62,856.151,1924.82
12,3,20,3,nef,Node_1_426_752_1825,752,1603.58,758.117,1825
12,3,20,3,nef,Node_1_526_1732_1825,1732,1294.49,861.455,1696.75
12,3,20,3,nef,Node_1_542_640_1825,640,1014.59,311.128,1825
12,3,20,3,nef,Node_1_573_1410_3650,1410,3285.07,2920,3479.85
12,3,20,3,nef,Node_1_615_1344_1825,1344,957.622,287.627,1798.27
12,3,20,3,nef,Node_1_627_2769_3650,2769,3440.69,2680.72,3650
12,3,20,3,nef,Node_1_765_2613_3650,2613,2462.06,1413.75,3473.56
12,3,20,3,nef,Node_1_817_1764_3650,1764,1402.53,472.75,2323.03
12,3,20,3,nef,Node_1_871_771_3650,771,992.657,341.063,1650.11
12,3,20,3,nef,Node_1_900_1010_1825,1010,1112.98,430.578,1825
12,3,20,3,nef,Node_1_930_1089_3650,1089,1351.89,702.245,1839.13
12,3,20,3,nef,Node_1_1029_15_3650,15,-45,-45,179.456
12,3,20,3,nef,Node_1_1053_1094_3650,1094,2956.57,1952.53,3650
12,3,20,3,nef,Node_1_1109_539_3650,539,301.231,-45,715.676
12,3,20,3,nef,Node_1_1132_13_1825,13,-19.995,-45,255.42
12,3,20,3,nef,Node_1_1155_2789_3650,2789,2825.04,1659.95,3650
12,3,20,3,nef,Node_1_1220_2987_3650,2987,3650,2440.76,3650
12,3,20,3,nef,Node_1_1228_580_3650,580,942.438,227.399,1502.29
12,3,20,3,nef,Node_1_1235_1228_3650,1228,1779.86,788.683,2815.06
12,3,20,3,nef,Node_1_1245_1034_3650,1034,514.077,-45,1059.93
12,3,21,3,nef,Node_1_39_1234_1825,1234,779.832,228.952,1365.81
12,3,21,3,nef,Node_1_61_433_3650,433,247.24,-45,765.313
12,3,21,3,nef,Node_1_62_435_3650,435,247.24,-45,765.313
12,3,21,3,nef,Node_1_172_1309_3650,1309,858.192,524.156,1146.14
12,3,21,3,nef,Node_1_179_993_3650,993,263.788,-45,746.884
12,3,21,3,nef,Node_1_181_771_1825,771,715.564,170.97,1517.1
12,3,21,3,nef,Node_1_233_150_3650,150,-45,-45,115.331
12,3,21,3,nef,Node_1_329_907_1825,907,1825,1091.02,1825
12,3,21,3,nef,Node_1_362_1271_1825,1271,928.432,317.699,1507.49
12,3,21,3,nef,Node_1_403_1541_3650,1541,899.635,469.383,1385.71
12,3,21,3,nef,Node_1_426_752_1825,752,205.995,-45,738.656
12,3,21,3,nef,Node_1_526_1732_1825,1732,1367.94,1107.86,1460
12,3,21,3,nef,Node_1_542_640_1825,640,294.966,-45,798.105
12,3,21,3,nef,Node_1_573_1410_3650,1410,2920.07,2723.21,2920.07
12,3,21,3,nef,Node_1_615_1344_1825,1344,67.6666,-45,384.717
12,3,21,3,nef,Node_1_627_2769_3650,2769,2720.2,2117.98,3430.75
12,3,21,3,nef,Node_1_765_2613_3650,2613,2665.37,1873.66,3425.68
12,3,21,3,nef,Node_1_817_1764_3650,1764,2717.67,1610.07,3650
12,3,21,3,nef,Node_1_871_771_3650,771,1282.37,460.73,2217.72
12,3,21,3,nef,Node_1_900_1010_1825,1010,948.722,332.018,1691.12
12,3,21,3,nef,Node_1_930_1089_3650,1089,1346.88,622.636,2159.48
12,3,21,3,nef,Node_1_1029_15_3650,15,-45,-45,105.832
12,3,21,3,nef,Node_1_1053_1094_3650,1094,527.129,58.1575,1302.41
12,3,21,3,nef,Node_1_1109_539_3650,539,216.062,-45,579.755
12,3,21,3,nef,Node_1_1132_13_1825,13,-45,-45,256.731
12,3,21,3,nef,Node_1_1155_2789_3650,2789,3371.45,2159.99,3650
12,3,21,3,nef,Node_1_1220_2987_3650,2987,3650,2561.15,3650
12,3,21,3,nef,Node_1_1228_580_3650,580,536.47,11.2981,889.867
12,3,21,3,nef,Node_1_1235_1228_3650,1228,2025.84,1160.38,3015.6
12,3,21,3,nef,Node_1_1245_1034_3650,1034,1269.51,516.591,1951.75
12,3,22,3,nef,Node_1_39_1234_1825,1234,1226.88,599.277,1825
12,3,22,3,nef,Node_1_61_433_3650,433,307.356,-45,810.768
12,3,22,3,nef,Node_1_62_435_3650,435,307.356,-45,810.768
12,3,22,3,nef,Node_1_172_1309_3650,1309,1152.81,803.596,1407.81
12,3,22,3,nef,Node_1_179_993_3650,993,1324.09,607.463,2056.2
12,3,22,3,nef,Node_1_181_771_1825,771,1103.14,416.773,1825
12,3,22,3,nef,Node_1_233_150_3650,150,41.38,-45,176.467
12,3,22,3,nef,Node_1_329_907_1825,907,288.367,-45,764.139
12,3,22,3,nef,Node_1_362_1271_1825,1271,851.592,260.834,1395.58
12,3,22,3,nef,Node_1_403_1541_3650,1541,1599.92,1012.51,2079.39
12,3,22,3,nef,Node_1_426_752_1825,752,568.262,94.726,1156.67
12,3,22,3,nef,Node_1_526_1732_1825,1732,1529.64,984.605,1825
12,3,22,3,nef,Node_1_542_640_1825,640,308.327,-45,720.936
12,3,22,3,nef,Node_1_573_1410_3650,1410,2920.06,2720.56,2920.06
12,3,22,3,nef,Node_1_615_1344_1825,1344,1633.33,949.741,1825
12,3,22,3,nef,Node_1_627_2769_3650,2769,3039.87,2400.27,3650
12,3,22,3,nef,Node_1_765_2613_3650,2613,1385.51,565.263,2260.06
12,3,22,3,nef,Node_1_817_1764_3650,1764,2397.58,1535.14,3252.52
12,3,22,3,nef,Node_1_871_771_3650,771,1091.53,450.922,1966.7
12,3,22,3,nef,Node_1_900_1010_1825,1010,899.227,231.653,1553.01
12,3,22,3,nef,Node_1_930_1089_3650,1089,889.47,427.413,1526.4
12,3,22,3,nef,Node_1_1029_15_3650,15,-45,-45,284.15
12,3,22,3,nef,Node_1_1053_1094_3650,1094,1366.99,637.55,2038.75
12,3,22,3,nef,Node_1_1109_539_3650,539,830.816,192.512,1526.08
12,3,22,3,nef,Node_1_1132_13_1825,13,111.123,-45,365.534
12,3,22,3,nef,Node_1_1155_2789_3650,2789,2782.07,1790.99,3650
12,3,22,3,nef,Node_1_1220_2987_3650,2987,3650,2543.52,3650
12,3,22,3,nef,Node_1_1228_580_3650,580,1566.2,879.95,2441.77
12,3,22,3,nef,Node_1_1235_1228_3650,1228,1895.44,1228.4,2454.72
12,3,22,3,nef,Node_1_1245_1034_3650,1034,770.392,115.267,1495.9
12,3,23,3,nef,Node_1_39_1234_1825,1234,1160.03,192.887,1825
12,3,23,3,nef,Node_1_61_433_3650,433,34.018,-45,546.212
12,3,23,3,nef,Node_1_62_435_3650,435,34.018,-45,546.212
12,3,23,3,nef,Node_1_172_1309_3650,1309,1346.44,738.971,2003.34
12,3,23,3,nef,Node_1_179_993_3650,993,1161.83,621.502,1776.36
12,3,23,3,nef,Node_1_181_771_1825,771,711.031,329.927,1164.6
12,3,23,3,nef,Node_1_233_150_3650,150,233.065,-45,665.419
12,3,23,3,nef,Node_1_329_907_1825,907,1203.25,626.324,1825
12,3,23,3,nef,Node_1_362_1271_1825,1271,1825,1192.27,1825
12,3,23,3,nef,Node_1_403_1541_3650,1541,1438.41,965.342,2186.39
12,3,23,3,nef,Node_1_426_752_1825,752,781.325,-45,1666.02
12,3,23,3,nef,Node_1_526_1732_1825,1732,1627.56,1020.55,1825
12,3,23,3,nef,Node_1_542_640_1825,640,720.187,93.5507,1622.73
12,3,23,3,nef,Node_1_573_1410_3650,1410,2907.27,2570.58,2920
12,3,23,3,nef,Node_1_615_1344_1825,1344,1505.55,626.027,1825
12,3,23,3,nef,Node_1_627_2769_3650,2769,3324.31,2546.9,3650
12,3,23,3,nef,Node_1_765_2613_3650,2613,3650,2505.98,3650
12,3,23,3,nef,Node_1_817_1764_3650,1764,2266.37,1386.16,3065.9
12,3,23,3,nef,Node_1_871_771_3650,771,899.43,213.673,1572.03
12,3,23,3,nef,Node_1_900_1010_1825,1010,283.966,-45,949.738
12,3,23,3,nef,Node_1_930_1089_3650,1089,540.355,-45,1138.03
12,3,23,3,nef,Node_1_1029_15_3650,15,-45,-45,94.6206
12,3,23,3,nef,Node_1_1053_1094_3650,1094,1002.12,192.887,2052.55
12,3,23,3,nef,Node_1_1109_539_3650,539,162.738,-45,685.01
12,3,23,3,nef,Node_1_1132_13_1825,13,-45,-45,93.022
12,3,23,3,nef,Node_1_1155_2789_3650,2789,2908.37,1441.33,3650
12,3,23,3,nef,Node_1_1220_2987_3650,2987,2418.71,1392.33,3650
12,3,23,3,nef,Node_1_1228_580_3650,580,37.3635,-45,606.661
12,3,23,3,nef,Node_1_1235_1228_3650,1228,1944.8,1012.06,2642.58
12,3,23,3,nef,Node_1_1245_1034_3650,1034,1489.94,761.453,2302.55
12,3,24,3,nef,Node_1_39_1234_1825,1234,68.1732,-45,440.733
12,3,24,3,nef,Node_1_61_433_3650,433,121.395,-45,482.648
12,3,24,3,nef,Node_1_62_435_3650,435,237.292,-45,628.88
12,3,24,3,nef,Node_1_172_1309_3650,1309,1698.35,1388.62,1986.22
12,3,24,3,nef,Node_1_179_993_3650,993,498.603,76.3912,1041.36
12,3,24,3,nef,Node_1_181_771_1825,771,499.678,76.3912,937.957
12,3,24,3,nef,Node_1_233_150_3650,150,-45,-45,49.2437
12,3,24,3,nef,Node_1_329_907_1825,907,797.394,163.902,1386.08
12,3,24,3,nef,Node_1_362_1271_1825,1271,833.519,136.862,1455.99
12,3,24,3,nef,Node_1_403_1541_3650,1541,1195.82,740.763,1759.99
12,3,24,3,nef,Node_1_426_752_1825,752,1438.97,683.698,1825
12,3,24,3,nef,Node_1_526_1732_1825,1732,1343.07,986.822,1460
12,3,24,3,nef,Node_1_542_640_1825,640,1285.89,681.223,1825
12,3,24,3,nef,Node_1_573_1410_3650,1410,2812.19,2520.54,2920
12,3,24,3,nef,Node_1_615_1344_1825,1344,850.702,317.456,1500.57
12,3,24,3,nef,Node_1_627_2769_3650,2769,3637.9,2923.53,3650
12,3,24,3,nef,Node_1_765_2613_3650,2613,2002.9,1062.73,2868.71
12,3,24,3,nef,Node_1_817_1764_3650,1764,2052.78,1302.16,2979.67
12,3,24,3,nef,Node_1_871_771_3650,771,399.797,15.6352,909.971
12,3,24,3,nef,Node_1_900_1010_1825,1010,179.579,-45,470.938
12,3,24,3,nef,Node_1_930_1089_3650,1089,-45,-45,68.7382
12,3,24,3,nef,Node_1_1029_15_3650,15,-45,-45,68.7382
12,3,24,3,nef,Node_1_1053_1094_3650,1094,778.496,264.366,1422.76
12,3,24,3,nef,Node_1_1109_539_3650,539,691.741,197.504,1266.54
12,3,24,3,nef,Node_1_1132_13_1825,13,-45,-45,49.2437
12,3,24,3,nef,Node_1_1155_2789_3650,2789,1804.49,1040.58,2480.69
12,3,24,3,nef,Node_1_1220_2987_3650,2987,2853.39,1944.68,3650
12,3,24,3,nef,Node_1_1228_580_3650,580,442.452,37.7147,870.538
12,3,24,3,nef,Node_1_1235_1228_3650,1228,1922.18,1123.96,3200.12
12,3,24,3,nef,Node_1_1245_1034_3650,1034,1381.28,702.726,2348.03
12,3,25,3,nef,Node_1_39_1234_1825,1234,461.49,-45,1153.21
12,3,25,3,nef,Node_1_61_433_3650,433,177.638,-45,616.833
12,3,25,3,nef,Node_1_62_435_3650,435,177.638,-45,616.833
12,3,25,3,nef,Node_1_172_1309_3650,1309,941.735,629.447,1214.52
12,3,25,3,nef,Node_1_179_993_3650,993,561.541,16.9079,1286.83
12,3,25,3,nef,Node_1_181_771_1825,771,220.221,-45,608.217
12,3,25,3,nef,Node_1_233_150_3650,150,-45,-45,160.498
12,3,25,3,nef,Node_1_329_907_1825,907,996.145,379.852,1599.37
12,3,25,3,nef,Node_1_362_1271_1825,1271,916.529,255.771,1503.41
12,3,25,3,nef,Node_1_403_1541_3650,1541,1024.73,357.444,1708.89
12,3,25,3,nef,Node_1_426_752_1825,752,549.19,106.586,1080.84
12,3,25,3,nef,Node_1_526_1732_1825,1732,1660.98,1208.93,1825
12,3,25,3,nef,Node_1_542_640_1825,640,507.868,-1.7174,1047.35
12,3,25,3,nef,Node_1_573_1410_3650,1410,2920.06,2705.13,2920.06
12,3,25,3,nef,Node_1_615_1344_1825,1344,1536.95,815.383,1825
12,3,25,3,nef,Node_1_627_2769_3650,2769,2138.61,1272.02,2753.46
12,3,25,3,nef,Node_1_765_2613_3650,2613,3650,2795.1,3650
12,3,25,3,nef,Node_1_817_1764_3650,1764,1923.45,1051.26,2796.89
12,3,25,3,nef,Node_1_871_771_3650,771,330.73,-45,685.2
12,3,25,3,nef,Node_1_900_1010_1825,1010,756.141,65.4602,1542.51
12,3,25,3,nef,Node_1_930_1089_3650,1089,-45,-45,272.404
12,3,25,3,nef,Node_1_1029_15_3650,15,-45,-45,167.384
12,3,25,3,nef,Node_1_1053_1094_3650,1094,1358.84,644.022,2236.67
12,3,25,3,nef,Node_1_1109_539_3650,539,1254.74,526.868,1858.55
12,3,25,3,nef,Node_1_1132_13_1825,13,214.568,-45,538.07
12,3,25,3,nef,Node_1_1155_2789_3650,2789,1922,1037.8,3000.63
12,3,25,3,nef,Node_1_1220_2987_3650,2987,3650,2406.33,3650
12,3,25,3,nef,Node_1_1228_580_3650,580,406.761,-45,827.571
12,3,25,3,nef,Node_1_1235_1228_3650,1228,1987.88,1224.09,2951.02
12,3,25,3,nef,Node_1_1245_1034_3650,1034,1159.38,572.982,1900.9
12,3,26,3,nef,Node_1_39_1234_1825,1234,1521.66,573.049,1825
12,3,26,3,nef,Node_1_61_433_3650,433,718.116,102.692,1442.38
12,3,26,3,nef,Node_1_62_435_3650,435,1026.07,353.518,1806.84
12,3,26,3,nef,Node_1_172_1309_3650,1309,1725.53,1205.71,2230.88
12,3,26,3,nef,Node_1_179_993_3650,993,1193.78,385.561,2158.62
12,3,26,3,nef,Node_1_181_771_1825,771,369.742,-45,931.961
12,3,26,3,nef,Node_1_233_150_3650,150,-45,-45,179.602
12,3,26,3,nef,Node_1_329_907_1825,907,1698.69,751.512,1825
12,3,26,3,nef,Node_1_362_1271_1825,1271,1372.72,487.09,1825
12,3,26,3,nef,Node_1_403_1541_3650,1541,1783.93,1224.89,2506.32
12,3,26,3,nef,Node_1_426_752_1825,752,1281.85,517.78,1825
12,3,26,3,nef,Node_1_526_1732_1825,1732,1825,1225.41,1825
12,3,26,3,nef,Node_1_542_640_1825,640,638.468,25.4299,1398.21
12,3,26,3,nef,Node_1_573_1410_3650,1410,3097.68,2821.57,3285
12,3,26,3,nef,Node_1_615_1344_1825,1344,1340.98,569.27,1825
12,3,26,3,nef,Node_1_627_2769_3650,2769,2632.99,1700.85,3547.13
12,3,26,3,nef,Node_1_765_2613_3650,2613,1685.58,1007.88,2398.38
12,3,26,3,nef,Node_1_817_1764_3650,1764,2287.49,1533.56,3484.82
12,3,26,3,nef,Node_1_871_771_3650,771,-45,-45,767.743
12,3,26,3,nef,Node_1_900_1010_1825,1010,727.128,34.0388,1500.91
12,3,26,3,nef,Node_1_930_1089_3650,1089,873.915,236.909,1639.21
12,3,26,3,nef,Node_1_1029_15_3650,15,358.99,-45,838.422
12,3,26,3,nef,Node_1_1053_1094_3650,1094,771.149,273.223,1386.44
12,3,26,3,nef,Node_1_1109_539_3650,539,647.824,95.492,1530.81
12,3,26,3,nef,Node_1_1132_13_1825,13,-45,-45,166.891
12,3,26,3,nef,Node_1_1155_2789_3650,2789,1793.08,711.706,3009.49
12,3,26,3,nef,Node_1_1220_2987_3650,2987,3650,2201.95,3650
12,3,26,3,nef,Node_1_1228_580_3650,580,901.031,2.16987,1354.9
12,3,26,3,nef,Node_1_1235_1228_3650,1228,2217.4,1239.1,3226.59
12,3,26,3,nef,Node_1_1245_1034_3650,1034,339.918,-45,1132.82
12,3,27,3,nef,Node_1_39_1234_1825,1234,743.596,-19.1315,1523.25
12,3,27,3,nef,Node_1_61_433_3650,433,230.346,-45,676.743
12,3,27,3,nef,Node_1_62_435_3650,435,230.346,-45,676.743
12,3,27,3,nef,Node_1_172_1309_3650,1309,1564.19,1010.47,2161.58
12,3,27,3,nef,Node_1_179_993_3650,993,-45,-45,481.967
12,3,27,3,nef,Node_1_181_771_1825,771,953.714,473.437,1590.57
12,3,27,3,nef,Node_1_233_150_3650,150,764.19,211.105,1368.15
12,3,27,3,nef,Node_1_329_907_1825,907,984.759,265.302,1659.2
12,3,27,3,nef,Node_1_362_1271_1825,1271,1368.12,664.312,1825
12,3,27,3,nef,Node_1_403_1541_3650,1541,2289.37,1752.23,3009.52
12,3,27,3,nef,Node_1_426_752_1825,752,1033.99,282.627,1825
12,3,27,3,nef,Node_1_526_1732_1825,1732,1556.26,1125.19,1825
12,3,27,3,nef,Node_1_542_640_1825,640,1282.45,398.388,1825
12,3,27,3,nef,Node_1_573_1410_3650,1410,2788.17,2473.63,2920
12,3,27,3,nef,Node_1_615_1344_1825,1344,1396.89,542.665,1825
12,3,27,3,nef,Node_1_627_2769_3650,2769,3174.85,2274.83,3650
12,3,27,3,nef,Node_1_765_2613_3650,2613,2880.37,1821.73,3650
12,3,27,3,nef,Node_1_817_1764_3650,1764,1910.8,1141.57,3054.27
12,3,27,3,nef,Node_1_871_771_3650,771,1357.19,505.114,2013.9
12,3,27,3,nef,Node_1_900_1010_1825,1010,1443.61,649.616,1825
12,3,27,3,nef,Node_1_930_1089_3650,1089,1510.25,781.702,2260.17
12,3,27,3,nef,Node_1_1029_15_3650,15,123.197,-45,365
12,3,27,3,nef,Node_1_1053_1094_3650,1094,1020.76,307.982,1895.64
12,3,27,3,nef,Node_1_1109_539_3650,539,708.644,-15.0149,1499.72
12,3,27,3,nef,Node_1_1132_13_1825,13,-45,-45,452.18
12,3,27,3,nef,Node_1_1155_2789_3650,2789,3263.12,2104.32,3650
12,3,27,3,nef,Node_1_1220_2987_3650,2987,1668.74,667.265,2796.21
12,3,27,3,nef,Node_1_1228_580_3650,580,-45,-45,543.655
12,3,27,3,nef,Node_1_1235_1228_3650,1228,274.249,-45,879.249
12,3,27,3,nef,Node_1_1245_1034_3650,1034,273.711,-45,849.721
12,3,28,3,nef,Node_1_39_1234_1825,1234,72.8507,-45,802.015
12,3,28,3,nef,Node_1_61_433_3650,433,-45,-45,308.685
12,3,28,3,nef,Node_1_62_435_3650,435,-45,-45,310.442
12,3,28,3,nef,Node_1_172_1309_3650,1309,1144.08,721.557,1545.26
12,3,28,3,nef,Node_1_179_993_3650,993,586.074,-45,1259.07
12,3,28,3,nef,Node_1_181_771_1825,771,867.935,225.109,1385.15
12,3,28,3,nef,Node_1_233_150_3650,150,75.8743,-45,267.457
12,3,28,3,nef,Node_1_329_907_1825,907,463.398,-45,1446.14
12,3,28,3,nef,Node_1_362_1271_1825,1271,1362.62,793.327,1825
12,3,28,3,nef,Node_1_403_1541_3650,1541,1589.53,1170.69,2236.78
12,3,28,3,nef,Node_1_426_752_1825,752,863.802,95.4282,1682.51
12,3,28,3,nef,Node_1_526_1732_1825,1732,1226.28,897.008,1825
12,3,28,3,nef,Node_1_542_640_1825,640,632.874,-45,1491.82
12,3,28,3,nef,Node_1_573_1410_3650,1410,3394.82,3121.3,3650
12,3,28,3,nef,Node_1_615_1344_1825,1344,1330.77,509.272,1825
12,3,28,3,nef,Node_1_627_2769_3650,2769,2179.05,1521.2,2902.51
12,3,28,3,nef,Node_1_765_2613_3650,2613,2395.59,1497.03,3448.37
12,3,28,3,nef,Node_1_817_1764_3650,1764,2841.44,1831.48,3650
12,3,28,3,nef,Node_1_871_771_3650,771,747.767,297.834,1503.67
12,3,28,3,nef,Node_1_900_1010_1825,1010,1132.37,489.13,1823.77
12,3,28,3,nef,Node_1_930_1089_3650,1089,1677.08,782.921,2540.56
12,3,28,3,nef,Node_1_1029_15_3650,15,-45,-45,175.324
12,3,28,3,nef,Node_1_1053_1094_3650,1094,212.443,-45,844.766
12,3,28,3,nef,Node_1_1109_539_3650,539,749.316,138.288,1352.86
12,3,28,3,nef,Node_1_1132_13_1825,13,38.2896,-45,249.397
12,3,28,3,nef,Node_1_1155_2789_3650,2789,2900.02,2064.82,3650
12,3,28,3,nef,Node_1_1220_2987_3650,2987,2564.79,1642.52,3650
12,3,28,3,nef,Node_1_1228_580_3650,580,164.668,-45,843.899
12,3,28,3,nef,Node_1_1235_1228_3650,1228,1918.77,1179.51,2912.84
12,3,28,3,nef,Node_1_1245_1034_3650,1034,1274.81,569.989,2163.13
12,3,29,3,nef,Node_1_39_1234_1825,1234,834.809,173.508,1497.71
12,3,29,3,nef,Node_1_61_433_3650,433,403.018,-45,1059.55
12,3,29,3,nef,Node_1_62_435_3650,435,403.018,-45,1059.55
12,3,29,3,nef,Node_1_172_1309_3650,1309,1301.71,936.383,1580.36
12,3,29,3,nef,Node_1_179_993_3650,993,1237.22,682.556,1870.28
12,3,29,3,nef,Node_1_181_771_1825,771,922.003,407.023,1443.49
12,3,29,3,nef,Node_1_233_150_3650,150,-45,-45,217.797
12,3,29,3,nef,Node_1_329_907_1825,907,1059.05,358.133,1753.44
12,3,29,3,nef,Node_1_362_1271_1825,1271,1497.73,1009.9,1825
12,3,29,3,nef,Node_1_403_1541_3650,1541,1187.22,586.677,1887.53
12,3,29,3,nef,Node_1_426_752_1825,752,856.7,244.216,1542.8
12,3,29,3,nef,Node_1_526_1732_1825,1732,1534.77,1102.18,1825
12,3,29,3,nef,Node_1_542_640_1825,640,1677.74,789.031,1825
12,3,29,3,nef,Node_1_573_1410_3650,1410,2920.09,2635.28,2920.09
12,3,29,3,nef,Node_1_615_1344_1825,1344,1825,802.752,1825
12,3,29,3,nef,Node_1_627_2769_3650,2769,2207.31,1359.75,2861.16
12,3,29,3,nef,Node_1_765_2613_3650,2613,2409.35,1341.2,3364.32
12,3,29,3,nef,Node_1_817_1764_3650,1764,2441.09,1364.3,3361.61
12,3,29,3,nef,Node_1_871_771_3650,771,676.249,132.97,1437.01
12,3,29,3,nef,Node_1_900_1010_1825,1010,209.75,-45,737.356
12,3,29,3,nef,Node_1_930_1089_3650,1089,736.11,336.86,1334.26
12,3,29,3,nef,Node_1_1029_15_3650,15,-45,-45,210.79
12,3,29,3,nef,Node_1_1053_1094_3650,1094,1742.21,825.97,2925.37
12,3,29,3,nef,Node_1_1109_539_3650,539,951.392,213.234,1819.53
12,3,29,3,nef,Node_1_1132_13_1825,13,-45,-45,124.217
12,3,29,3,nef,Node_1_1155_2789_3650,2789,2412.98,1614.89,3371.99
12,3,29,3,nef,Node_1_1220_2987_3650,2987,3247.18,2037.29,3650
12,3,29,3,nef,Node_1_1228_580_3650,580,562.805,-18.4973,1109.91
12,3,29,3,nef,Node_1_1235_1228_3650,1228,1690.14,647.746,2855.9
12,3,29,3,nef,Node_1_1245_1034_3650,1034,688.284,119.585,1257.53
12,3,30,3,nef,Node_1_39_1234_1825,1234,1455.36,703.982,1825
12,3,30,3,nef,Node_1_61_433_3650,433,195.584,-45,432.268
12,3,30,3,nef,Node_1_62_435_3650,435,-45,-45,145.852
12,3,30,3,nef,Node_1_172_1309_3650,1309,1189.04,569.865,1724.43
12,3,30,3,nef,Node_1_179_993_3650,993,1482.11,600.371,2149.03
12,3,30,3,nef,Node_1_181_771_1825,771,1248.1,715.349,1666.77
12,3,30,3,nef,Node_1_233_150_3650,150,-45,-45,145.852
12,3,30,3,nef,Node_1_329_907_1825,907,781.878,209.571,1349.91
12,3,30,3,nef,Node_1_362_1271_1825,1271,872.863,370.445,1584.12
12,3,30,3,nef,Node_1_403_1541_3650,1541,1372.79,726.774,1960.08
12,3,30,3,nef,Node_1_426_752_1825,752,659.218,51.92,1488.3
12,3,30,3,nef,Node_1_526_1732_1825,1732,1619.25,1115.43,1825
12,3,30,3,nef,Node_1_542_640_1825,640,1316.26,653.751,1825
12,3,30,3,nef,Node_1_573_1410_3650,1410,3285.07,3002.47,3578.13
12,3,30,3,nef,Node_1_615_1344_1825,1344,1258.52,594.073,1825
12,3,30,3,nef,Node_1_627_2769_3650,2769,3024.08,2139.24,3650
12,3,30,3,nef,Node_1_765_2613_3650,2613,2527.14,1662.22,3520.24
12,3,30,3,nef,Node_1_817_1764_3650,1764,1899.95,1202.68,2749.87
12,3,30,3,nef,Node_1_871_771_3650,771,1422.21,735.947,2320.25
12,3,30,3,nef,Node_1_900_1010_1825,1010,1825,1126.56,1825
12,3,30,3,nef,Node_1_930_1089_3650,1089,836.353,299.86,1498.49
12,3,30,3,nef,Node_1_1029_15_3650,15,33.5814,-45,280.693
12,3,30,3,nef,Node_1_1053_1094_3650,1094,726.765,168.949,1289.12
12,3,30,3,nef,Node_1_1109_539_3650,539,342.486,-45,662.752
12,3,30,3,nef,Node_1_1132_13_1825,13,-45,-45,142.411
12,3,30,3,nef,Node_1_1155_2789_3650,2789,2106.18,1382.66,3100.56
12,3,30,3,nef,Node_1_1220_2987_3650,2987,3343.76,2071.49,3650
12,3,30,3,nef,Node_1_1228_580_3650,580,891.17,354.016,1361.69
12,3,30,3,nef,Node_1_1235_1228_3650,1228,1586.82,748.916,2459.39
12,3,30,3,nef,Node_1_1245_1034_3650,1034,1435.06,629.495,2304.5
