batch,rep,ali,sub,gene,nodeName,trueDate,nodeDate,lowCI,highCI
19,4,1,2,nef,Node_1_90_75_3650,75,140.737,-45,375.805
19,4,1,2,nef,Node_1_258_2409_3650,2409,2014.02,1280.83,2678.06
19,4,1,2,nef,Node_1_271_2156_3650,2156,2866.13,1911.32,3607.72
19,4,1,2,nef,Node_1_285_1461_3650,1461,1047.73,306.14,1801.54
19,4,1,2,nef,Node_1_294_1706_3650,1706,2189.03,1494.24,2906.58
19,4,1,2,nef,Node_1_330_1373_1825,1373,874.873,352.244,1372.1
19,4,1,2,nef,Node_1_369_2309_3650,2309,1440.98,623.784,2175.53
19,4,1,2,nef,Node_1_439_675_3650,675,343.233,-38.9482,897.497
19,4,1,2,nef,Node_1_458_1109_1825,1109,1467.99,759.81,1825
19,4,1,2,nef,Node_1_476_1290_3650,1290,1872.23,976.429,2549.33
19,4,1,2,nef,Node_1_556_429_1825,429,745.679,351.383,1144.68
19,4,1,2,nef,Node_1_579_1816_1825,1816,1825,1210.22,1825
19,4,1,2,nef,Node_1_583_3238_3650,3238,3224.54,2696.33,3558.57
19,4,1,2,nef,Node_1_595_1457_3650,1457,1259.23,552.895,2003.58
19,4,1,2,nef,Node_1_633_638_3650,638,1015.05,389.881,1603.8
19,4,1,2,nef,Node_1_635_244_1825,244,58.6094,-45,114.141
19,4,1,2,nef,Node_1_709_2006_3650,2006,1759.69,758.104,2455.86
19,4,1,2,nef,Node_1_783_1087_1825,1087,849.101,412.559,1183.22
19,4,1,2,nef,Node_1_784_1161_3650,1161,957.79,509.199,1525.53
19,4,1,2,nef,Node_1_821_2884_3650,2884,2498.01,1716.09,3575.98
19,4,1,2,nef,Node_1_860_2304_3650,2304,2611.55,1940.22,3205.8
19,4,1,2,nef,Node_1_877_550_3650,550,182.471,-45,568.532
19,4,1,2,nef,Node_1_909_2559_3650,2559,3157.26,2053.77,3650
19,4,1,2,nef,Node_1_943_3570_3650,3570,3060.75,2145.07,3650
19,4,1,2,nef,Node_1_987_2895_3650,2895,3650,2760.85,3650
19,4,1,2,nef,Node_1_1052_1145_1825,1145,1443.33,965.629,1825
19,4,1,2,nef,Node_1_1070_508_3650,508,858.742,398.467,1352.74
19,4,1,2,nef,Node_1_1215_204_1825,204,162.333,-45,442.125
19,4,1,2,nef,Node_1_1226_752_1825,752,677.874,222.011,1085.08
19,4,1,2,nef,Node_1_1229_776_1825,776,568.315,301.313,829.99
19,4,2,2,nef,Node_1_90_75_3650,75,-45,-45,233.165
19,4,2,2,nef,Node_1_258_2409_3650,2409,1679.05,1159.4,2655.17
19,4,2,2,nef,Node_1_271_2156_3650,2156,3027.51,2183.98,3650
19,4,2,2,nef,Node_1_285_1461_3650,1461,1195.74,484.61,1830.41
19,4,2,2,nef,Node_1_294_1706_3650,1706,1115.34,398.506,1834.91
19,4,2,2,nef,Node_1_330_1373_1825,1373,190.981,-45,557.344
19,4,2,2,nef,Node_1_369_2309_3650,2309,1519.38,689.779,2634.22
19,4,2,2,nef,Node_1_439_675_3650,675,466.091,-10.5684,999.836
19,4,2,2,nef,Node_1_458_1109_1825,1109,1277.34,696.157,1825
19,4,2,2,nef,Node_1_476_1290_3650,1290,1147.91,549.455,2004.56
19,4,2,2,nef,Node_1_556_429_1825,429,644.238,223.399,1015.3
19,4,2,2,nef,Node_1_579_1816_1825,1816,1825,995.898,1825
19,4,2,2,nef,Node_1_583_3238_3650,3238,3650,3175.73,3650
19,4,2,2,nef,Node_1_595_1457_3650,1457,1182.25,345.487,1893.19
19,4,2,2,nef,Node_1_633_638_3650,638,1087.04,492.107,1827.5
19,4,2,2,nef,Node_1_635_244_1825,244,468.824,72.1969,716.911
19,4,2,2,nef,Node_1_709_2006_3650,2006,957.323,302.469,1737.99
19,4,2,2,nef,Node_1_783_1087_1825,1087,700.96,334.45,1031.03
19,4,2,2,nef,Node_1_784_1161_3650,1161,823.909,389.794,1214.98
19,4,2,2,nef,Node_1_821_2884_3650,2884,2754.31,2015.29,3650
19,4,2,2,nef,Node_1_860_2304_3650,2304,2841.65,1885.43,3650
19,4,2,2,nef,Node_1_877_550_3650,550,650.616,106.667,1285.32
19,4,2,2,nef,Node_1_909_2559_3650,2559,2605.86,1875.08,3650
19,4,2,2,nef,Node_1_943_3570_3650,3570,2614.62,1489.31,3650
19,4,2,2,nef,Node_1_987_2895_3650,2895,3067.44,2299.68,3650
19,4,2,2,nef,Node_1_1052_1145_1825,1145,535.778,89.069,1001.61
19,4,2,2,nef,Node_1_1070_508_3650,508,531.673,142.702,1124.56
19,4,2,2,nef,Node_1_1215_204_1825,204,356.669,-13.526,602.628
19,4,2,2,nef,Node_1_1226_752_1825,752,1216.29,613.99,1805.59
19,4,2,2,nef,Node_1_1229_776_1825,776,608.938,307.436,889.903
19,4,3,2,nef,Node_1_90_75_3650,75,319.789,-45,628.629
19,4,3,2,nef,Node_1_258_2409_3650,2409,2180.11,1421.27,2987.07
19,4,3,2,nef,Node_1_271_2156_3650,2156,2110.86,1494.08,2799.34
19,4,3,2,nef,Node_1_285_1461_3650,1461,1167.89,360.185,1751.49
19,4,3,2,nef,Node_1_294_1706_3650,1706,1338.8,725.39,2441.17
19,4,3,2,nef,Node_1_330_1373_1825,1373,1082.63,397.437,1825
19,4,3,2,nef,Node_1_369_2309_3650,2309,2978.95,1754.38,3650
19,4,3,2,nef,Node_1_439_675_3650,675,460.812,57.9599,843
19,4,3,2,nef,Node_1_458_1109_1825,1109,1095.94,399.587,1675.17
19,4,3,2,nef,Node_1_476_1290_3650,1290,1078.12,587.466,1769.26
19,4,3,2,nef,Node_1_556_429_1825,429,665.439,205.328,1088.71
19,4,3,2,nef,Node_1_579_1816_1825,1816,1825,1093.07,1825
19,4,3,2,nef,Node_1_583_3238_3650,3238,3194.06,2735.71,3603.54
19,4,3,2,nef,Node_1_595_1457_3650,1457,520.362,76.3891,1004.25
19,4,3,2,nef,Node_1_633_638_3650,638,645.395,44.9084,1035.65
19,4,3,2,nef,Node_1_635_244_1825,244,426.245,-34.7248,1011.19
19,4,3,2,nef,Node_1_709_2006_3650,2006,2479.11,1597.62,3619.54
19,4,3,2,nef,Node_1_783_1087_1825,1087,854.744,498.289,1095
19,4,3,2,nef,Node_1_784_1161_3650,1161,739.145,314.746,1144.58
19,4,3,2,nef,Node_1_821_2884_3650,2884,2621.68,1615.99,3650
19,4,3,2,nef,Node_1_860_2304_3650,2304,1823.67,1054.58,2545.55
19,4,3,2,nef,Node_1_877_550_3650,550,577.075,96.3295,1144.26
19,4,3,2,nef,Node_1_909_2559_3650,2559,1973.61,1088.67,2863.68
19,4,3,2,nef,Node_1_943_3570_3650,3570,2897.2,1776.93,3650
19,4,3,2,nef,Node_1_987_2895_3650,2895,2577.14,1831.7,3170.34
19,4,3,2,nef,Node_1_1052_1145_1825,1145,967.132,305.944,1468.33
19,4,3,2,nef,Node_1_1070_508_3650,508,521.69,154.984,971.284
19,4,3,2,nef,Node_1_1215_204_1825,204,374.969,-42.3696,771.704
19,4,3,2,nef,Node_1_1226_752_1825,752,659.715,146.168,1258.16
19,4,3,2,nef,Node_1_1229_776_1825,776,932.255,510.035,1328.01
19,4,4,2,nef,Node_1_90_75_3650,75,459.272,103.433,783.304
19,4,4,2,nef,Node_1_258_2409_3650,2409,2308.94,1576.72,3050.75
19,4,4,2,nef,Node_1_271_2156_3650,2156,2621.7,1640.93,3443.84
19,4,4,2,nef,Node_1_285_1461_3650,1461,1789.25,1013.93,2664.8
19,4,4,2,nef,Node_1_294_1706_3650,1706,1860.53,1062.53,2674.84
19,4,4,2,nef,Node_1_330_1373_1825,1373,1712.91,828.568,1825
19,4,4,2,nef,Node_1_369_2309_3650,2309,141.916,-45,1033.83
19,4,4,2,nef,Node_1_439_675_3650,675,706.427,143.152,1295.78
19,4,4,2,nef,Node_1_458_1109_1825,1109,1181.57,724.85,1460
19,4,4,2,nef,Node_1_476_1290_3650,1290,1496.63,774.57,2272.1
19,4,4,2,nef,Node_1_556_429_1825,429,110.053,-45,251.391
19,4,4,2,nef,Node_1_579_1816_1825,1816,924.904,189.638,1825
19,4,4,2,nef,Node_1_583_3238_3650,3238,3356.04,2787.35,3650
19,4,4,2,nef,Node_1_595_1457_3650,1457,1170.14,653.977,2097.1
19,4,4,2,nef,Node_1_633_638_3650,638,609.581,-7.0943,1121.91
19,4,4,2,nef,Node_1_635_244_1825,244,-21.1492,-45,99.6127
19,4,4,2,nef,Node_1_709_2006_3650,2006,2049.94,1204.03,2881.3
19,4,4,2,nef,Node_1_783_1087_1825,1087,1090.82,835.099,1348.72
19,4,4,2,nef,Node_1_784_1161_3650,1161,1845.83,1351.51,2600.59
19,4,4,2,nef,Node_1_821_2884_3650,2884,3313.66,2049.91,3650
19,4,4,2,nef,Node_1_860_2304_3650,2304,2264.57,1517.22,3299.57
19,4,4,2,nef,Node_1_877_550_3650,550,586.676,146.679,1308.33
19,4,4,2,nef,Node_1_909_2559_3650,2559,2121.49,1339.14,3192.3
19,4,4,2,nef,Node_1_943_3570_3650,3570,3283.52,2226.03,3650
19,4,4,2,nef,Node_1_987_2895_3650,2895,2276.45,1761.82,3003.72
19,4,4,2,nef,Node_1_1052_1145_1825,1145,1825,1291.69,1825
19,4,4,2,nef,Node_1_1070_508_3650,508,173.775,-45,591.776
19,4,4,2,nef,Node_1_1215_204_1825,204,-21.1492,-45,99.6127
19,4,4,2,nef,Node_1_1226_752_1825,752,607.423,117.803,1287.38
19,4,4,2,nef,Node_1_1229_776_1825,776,719.474,342.352,1091.86
19,4,5,2,nef,Node_1_90_75_3650,75,-45,-45,263.796
19,4,5,2,nef,Node_1_258_2409_3650,2409,2437.18,1525.17,3353.03
19,4,5,2,nef,Node_1_271_2156_3650,2156,2274.81,1386.93,3154.38
19,4,5,2,nef,Node_1_285_1461_3650,1461,2224.65,1283.84,3236.48
19,4,5,2,nef,Node_1_294_1706_3650,1706,1836.97,943.273,2955.2
19,4,5,2,nef,Node_1_330_1373_1825,1373,1004.62,390.081,1728.18
19,4,5,2,nef,Node_1_369_2309_3650,2309,2649.11,1590.21,3650
19,4,5,2,nef,Node_1_439_675_3650,675,806.713,263.502,1324.6
19,4,5,2,nef,Node_1_458_1109_1825,1109,1782.22,1110.66,1825
19,4,5,2,nef,Node_1_476_1290_3650,1290,1922.97,969.909,2860
19,4,5,2,nef,Node_1_556_429_1825,429,445.233,13.8806,952.812
19,4,5,2,nef,Node_1_579_1816_1825,1816,1545.63,570.435,1825
19,4,5,2,nef,Node_1_583_3238_3650,3238,2696.64,2041.25,3298.46
19,4,5,2,nef,Node_1_595_1457_3650,1457,990.217,296.974,1863.15
19,4,5,2,nef,Node_1_633_638_3650,638,885.461,348.601,1391.92
19,4,5,2,nef,Node_1_635_244_1825,244,347.19,-45,878.985
19,4,5,2,nef,Node_1_709_2006_3650,2006,1817.77,900.774,2830.5
19,4,5,2,nef,Node_1_783_1087_1825,1087,746.897,359.939,956.274
19,4,5,2,nef,Node_1_784_1161_3650,1161,1110.85,618.515,1623.77
19,4,5,2,nef,Node_1_821_2884_3650,2884,2123.41,1349.07,3634.53
19,4,5,2,nef,Node_1_860_2304_3650,2304,2647.54,1675.55,3650
19,4,5,2,nef,Node_1_877_550_3650,550,444.267,-45,993.633
19,4,5,2,nef,Node_1_909_2559_3650,2559,1699.36,931.552,2615.37
19,4,5,2,nef,Node_1_943_3570_3650,3570,3582.2,2612.29,3650
19,4,5,2,nef,Node_1_987_2895_3650,2895,2841.02,2188.81,3637.5
19,4,5,2,nef,Node_1_1052_1145_1825,1145,1038.03,390.107,1590.93
19,4,5,2,nef,Node_1_1070_508_3650,508,33.7718,-45,478.663
19,4,5,2,nef,Node_1_1215_204_1825,204,24.4882,-45,237.053
19,4,5,2,nef,Node_1_1226_752_1825,752,320.32,-45,750.535
19,4,5,2,nef,Node_1_1229_776_1825,776,541.635,314.783,977.942
19,4,6,2,nef,Node_1_90_75_3650,75,2.34497,-45,209.794
19,4,6,2,nef,Node_1_258_2409_3650,2409,2198.52,1246.66,3155.8
19,4,6,2,nef,Node_1_271_2156_3650,2156,2055.31,1265.4,2864.93
19,4,6,2,nef,Node_1_285_1461_3650,1461,1371.34,571.399,2192.33
19,4,6,2,nef,Node_1_294_1706_3650,1706,1283.63,349.824,2095.64
19,4,6,2,nef,Node_1_330_1373_1825,1373,1825,712.177,1825
19,4,6,2,nef,Node_1_369_2309_3650,2309,3006.33,1593.28,3650
19,4,6,2,nef,Node_1_439_675_3650,675,70.3644,-45,707.497
19,4,6,2,nef,Node_1_458_1109_1825,1109,874.442,106.37,1825
19,4,6,2,nef,Node_1_476_1290_3650,1290,2651.51,1478.54,3596.83
19,4,6,2,nef,Node_1_556_429_1825,429,-17.2701,-45,544.907
19,4,6,2,nef,Node_1_579_1816_1825,1816,1825,1035.16,1825
19,4,6,2,nef,Node_1_583_3238_3650,3238,3549.12,3041.26,3650
19,4,6,2,nef,Node_1_595_1457_3650,1457,1833.41,1014.15,2758.53
19,4,6,2,nef,Node_1_633_638_3650,638,132.696,-45,534.75
19,4,6,2,nef,Node_1_635_244_1825,244,299.806,-45,890.456
19,4,6,2,nef,Node_1_709_2006_3650,2006,2657.93,1487.16,3621.43
19,4,6,2,nef,Node_1_783_1087_1825,1087,1434.88,933.375,1825
19,4,6,2,nef,Node_1_784_1161_3650,1161,1296.56,817.312,1908.3
19,4,6,2,nef,Node_1_821_2884_3650,2884,2839.14,1453.29,3650
19,4,6,2,nef,Node_1_860_2304_3650,2304,2675.73,1803.11,3604.46
19,4,6,2,nef,Node_1_877_550_3650,550,401.816,-45,1011.8
19,4,6,2,nef,Node_1_909_2559_3650,2559,2331.12,1424.11,3293.54
19,4,6,2,nef,Node_1_943_3570_3650,3570,3524.9,2104.58,3650
19,4,6,2,nef,Node_1_987_2895_3650,2895,2686.87,2036.35,3604.42
19,4,6,2,nef,Node_1_1052_1145_1825,1145,826.65,226.577,1522.02
19,4,6,2,nef,Node_1_1070_508_3650,508,99.242,-45,575.055
19,4,6,2,nef,Node_1_1215_204_1825,204,421.512,-45,991.901
19,4,6,2,nef,Node_1_1226_752_1825,752,-17.4288,-45,295.5
19,4,6,2,nef,Node_1_1229_776_1825,776,946.237,650.547,1346.82
19,4,7,2,nef,Node_1_90_75_3650,75,-45,-45,365
19,4,7,2,nef,Node_1_258_2409_3650,2409,3061.12,2203.87,3650
19,4,7,2,nef,Node_1_271_2156_3650,2156,2211.15,1130.37,3559.95
19,4,7,2,nef,Node_1_285_1461_3650,1461,1172.56,354.092,2016.39
19,4,7,2,nef,Node_1_294_1706_3650,1706,1560.69,704.944,2732.07
19,4,7,2,nef,Node_1_330_1373_1825,1373,872.787,228.789,1723.73
19,4,7,2,nef,Node_1_369_2309_3650,2309,2170.11,1049.91,3650
19,4,7,2,nef,Node_1_439_675_3650,675,261.72,-45,665.397
19,4,7,2,nef,Node_1_458_1109_1825,1109,422.174,-45,859.113
19,4,7,2,nef,Node_1_476_1290_3650,1290,1484.18,707.767,2435.03
19,4,7,2,nef,Node_1_556_429_1825,429,354.081,-26.4004,659.791
19,4,7,2,nef,Node_1_579_1816_1825,1816,1825,913.397,1825
19,4,7,2,nef,Node_1_583_3238_3650,3238,3018.22,2395.34,3623.69
19,4,7,2,nef,Node_1_595_1457_3650,1457,931.51,190.367,1653.79
19,4,7,2,nef,Node_1_633_638_3650,638,1091.5,264.718,2014.86
19,4,7,2,nef,Node_1_635_244_1825,244,-45,-45,433.142
19,4,7,2,nef,Node_1_709_2006_3650,2006,1743.73,885.351,2802.85
19,4,7,2,nef,Node_1_783_1087_1825,1087,1508.65,1059.02,1825
19,4,7,2,nef,Node_1_784_1161_3650,1161,1350.46,828.138,1824.93
19,4,7,2,nef,Node_1_821_2884_3650,2884,2969.16,1568,3650
19,4,7,2,nef,Node_1_860_2304_3650,2304,2129.34,1333.39,3079.96
19,4,7,2,nef,Node_1_877_550_3650,550,277.31,-45,956.736
19,4,7,2,nef,Node_1_909_2559_3650,2559,3650,1984.56,3650
19,4,7,2,nef,Node_1_943_3570_3650,3570,3650,2468.61,3650
19,4,7,2,nef,Node_1_987_2895_3650,2895,2086.79,1374.94,3320.78
19,4,7,2,nef,Node_1_1052_1145_1825,1145,353.08,-45,967.875
19,4,7,2,nef,Node_1_1070_508_3650,508,-45,-45,314.431
19,4,7,2,nef,Node_1_1215_204_1825,204,357.934,-45,711.375
19,4,7,2,nef,Node_1_1226_752_1825,752,436.801,-45,1088.92
19,4,7,2,nef,Node_1_1229_776_1825,776,102.956,-45,373.773
19,4,8,2,nef,Node_1_90_75_3650,75,-45,-45,99.5109
19,4,8,2,nef,Node_1_258_2409_3650,2409,1492.85,679.829,2243.39
19,4,8,2,nef,Node_1_271_2156_3650,2156,2197.13,1483.69,2979.45
19,4,8,2,nef,Node_1_285_1461_3650,1461,1141,467,2046.97
19,4,8,2,nef,Node_1_294_1706_3650,1706,1022.75,219.319,2041.85
19,4,8,2,nef,Node_1_330_1373_1825,1373,897.111,213.65,1457.1
19,4,8,2,nef,Node_1_369_2309_3650,2309,2889.3,1880.13,3650
19,4,8,2,nef,Node_1_439_675_3650,675,944.284,442.452,1472.85
19,4,8,2,nef,Node_1_458_1109_1825,1109,817.991,195.641,1349.99
19,4,8,2,nef,Node_1_476_1290_3650,1290,1539.55,848.536,2529.77
19,4,8,2,nef,Node_1_556_429_1825,429,584.295,267.828,1105.93
19,4,8,2,nef,Node_1_579_1816_1825,1816,1825,718.973,1825
19,4,8,2,nef,Node_1_583_3238_3650,3238,2955.06,2319.28,3463.16
19,4,8,2,nef,Node_1_595_1457_3650,1457,1232.02,509.963,1805.86
19,4,8,2,nef,Node_1_633_638_3650,638,918.706,426.22,1528.8
19,4,8,2,nef,Node_1_635_244_1825,244,502.293,42.9889,1053.79
19,4,8,2,nef,Node_1_709_2006_3650,2006,1881.57,1061.84,3441.14
19,4,8,2,nef,Node_1_783_1087_1825,1087,926.728,641.021,1350.65
19,4,8,2,nef,Node_1_784_1161_3650,1161,1012.69,336.876,1586.69
19,4,8,2,nef,Node_1_821_2884_3650,2884,3642.33,2595.18,3650
19,4,8,2,nef,Node_1_860_2304_3650,2304,3148.33,2122.52,3650
19,4,8,2,nef,Node_1_877_550_3650,550,1054.98,411.061,1640.36
19,4,8,2,nef,Node_1_909_2559_3650,2559,1681.76,888.102,2576.38
19,4,8,2,nef,Node_1_943_3570_3650,3570,3650,2828.9,3650
19,4,8,2,nef,Node_1_987_2895_3650,2895,2647.3,1955.35,3478.58
19,4,8,2,nef,Node_1_1052_1145_1825,1145,1323.46,781.929,1825
19,4,8,2,nef,Node_1_1070_508_3650,508,342.156,-45,825.226
19,4,8,2,nef,Node_1_1215_204_1825,204,48.0775,-45,275.435
19,4,8,2,nef,Node_1_1226_752_1825,752,810.954,177.392,1533.5
19,4,8,2,nef,Node_1_1229_776_1825,776,741.386,216.885,1150.31
19,4,9,2,nef,Node_1_90_75_3650,75,177.139,-45,505.546
19,4,9,2,nef,Node_1_258_2409_3650,2409,2331.94,1510.94,3056.68
19,4,9,2,nef,Node_1_271_2156_3650,2156,1862.89,1271.37,2555.24
19,4,9,2,nef,Node_1_285_1461_3650,1461,1637.54,795.146,2358.37
19,4,9,2,nef,Node_1_294_1706_3650,1706,1173.48,461.824,1898.44
19,4,9,2,nef,Node_1_330_1373_1825,1373,1611.47,803.182,1825
19,4,9,2,nef,Node_1_369_2309_3650,2309,2233.3,1293.14,3234.87
19,4,9,2,nef,Node_1_439_675_3650,675,595.781,104.378,1050.62
19,4,9,2,nef,Node_1_458_1109_1825,1109,799.872,433.839,1162.75
19,4,9,2,nef,Node_1_476_1290_3650,1290,1104.92,532.78,1933.8
19,4,9,2,nef,Node_1_556_429_1825,429,375.538,5.05327,686.741
19,4,9,2,nef,Node_1_579_1816_1825,1816,1447.36,706.608,1825
19,4,9,2,nef,Node_1_583_3238_3650,3238,2908.21,2271.07,3431.79
19,4,9,2,nef,Node_1_595_1457_3650,1457,2006.7,1271.01,2742.42
19,4,9,2,nef,Node_1_633_638_3650,638,657.796,178.995,1259.18
19,4,9,2,nef,Node_1_635_244_1825,244,177.782,-45,432.36
19,4,9,2,nef,Node_1_709_2006_3650,2006,2070.6,1282.79,3066.22
19,4,9,2,nef,Node_1_783_1087_1825,1087,1057.06,865.277,1095
19,4,9,2,nef,Node_1_784_1161_3650,1161,1617.2,1095,2047.48
19,4,9,2,nef,Node_1_821_2884_3650,2884,2819.93,1768.36,3650
19,4,9,2,nef,Node_1_860_2304_3650,2304,2129.2,1462.54,3003.88
19,4,9,2,nef,Node_1_877_550_3650,550,379.37,43.9074,818.242
19,4,9,2,nef,Node_1_909_2559_3650,2559,1359.21,695.395,2176.72
19,4,9,2,nef,Node_1_943_3570_3650,3570,3650,2162.64,3650
19,4,9,2,nef,Node_1_987_2895_3650,2895,2786.65,2156.26,3650
19,4,9,2,nef,Node_1_1052_1145_1825,1145,1258.71,812.857,1796.05
19,4,9,2,nef,Node_1_1070_508_3650,508,373.949,-33.2187,856.56
19,4,9,2,nef,Node_1_1215_204_1825,204,561.277,145.269,1160.46
19,4,9,2,nef,Node_1_1226_752_1825,752,975.565,249.694,1825
19,4,9,2,nef,Node_1_1229_776_1825,776,516.153,50.883,835.572
19,4,10,2,nef,Node_1_90_75_3650,75,102.674,-45,284.021
19,4,10,2,nef,Node_1_258_2409_3650,2409,2419.89,1645.81,3051.19
19,4,10,2,nef,Node_1_271_2156_3650,2156,2071.35,1560.96,2691.46
19,4,10,2,nef,Node_1_285_1461_3650,1461,1454.96,668.801,2109.7
19,4,10,2,nef,Node_1_294_1706_3650,1706,1346.07,722.403,2052.52
19,4,10,2,nef,Node_1_330_1373_1825,1373,1696.33,865.808,1825
19,4,10,2,nef,Node_1_369_2309_3650,2309,3650,2611.46,3650
19,4,10,2,nef,Node_1_439_675_3650,675,877.809,307.714,1402.33
19,4,10,2,nef,Node_1_458_1109_1825,1109,1085.18,458.14,1675.05
19,4,10,2,nef,Node_1_476_1290_3650,1290,817.258,389.655,1340.26
19,4,10,2,nef,Node_1_556_429_1825,429,848.766,212.241,1399.3
19,4,10,2,nef,Node_1_579_1816_1825,1816,1634.24,649.272,1825
19,4,10,2,nef,Node_1_583_3238_3650,3238,2866.41,2320.49,3282.78
19,4,10,2,nef,Node_1_595_1457_3650,1457,1628.44,704.482,2436.78
19,4,10,2,nef,Node_1_633_638_3650,638,325.349,-45,688.626
19,4,10,2,nef,Node_1_635_244_1825,244,-5.98077,-45,94.4519
19,4,10,2,nef,Node_1_709_2006_3650,2006,2159.98,1185.25,3157.12
19,4,10,2,nef,Node_1_783_1087_1825,1087,1569.83,939.982,1825
19,4,10,2,nef,Node_1_784_1161_3650,1161,1127.49,784.07,1546.43
19,4,10,2,nef,Node_1_821_2884_3650,2884,2025.79,1238.4,2866.42
19,4,10,2,nef,Node_1_860_2304_3650,2304,3027.17,2326.02,3650
19,4,10,2,nef,Node_1_877_550_3650,550,445.173,53.6971,887.779
19,4,10,2,nef,Node_1_909_2559_3650,2559,2262.14,1555.04,3084.41
19,4,10,2,nef,Node_1_943_3570_3650,3570,3650,2757.86,3650
19,4,10,2,nef,Node_1_987_2895_3650,2895,2613.4,2135.57,3164.94
19,4,10,2,nef,Node_1_1052_1145_1825,1145,1102.16,553.443,1561.31
19,4,10,2,nef,Node_1_1070_508_3650,508,975.769,501.018,1439.09
19,4,10,2,nef,Node_1_1215_204_1825,204,76.7587,-45,416.981
19,4,10,2,nef,Node_1_1226_752_1825,752,-5.98077,-45,94.4519
19,4,10,2,nef,Node_1_1229_776_1825,776,615.06,223.612,992.428
19,4,11,2,nef,Node_1_90_75_3650,75,39.7723,-45,278.635
19,4,11,2,nef,Node_1_258_2409_3650,2409,2151.18,1299.08,3061.02
19,4,11,2,nef,Node_1_271_2156_3650,2156,2599.86,1896.69,3625.15
19,4,11,2,nef,Node_1_285_1461_3650,1461,1670.38,1097.06,2413.69
19,4,11,2,nef,Node_1_294_1706_3650,1706,2047.03,1038.72,2765.2
19,4,11,2,nef,Node_1_330_1373_1825,1373,1551.96,829.26,1825
19,4,11,2,nef,Node_1_369_2309_3650,2309,2446.31,1383.49,3285.02
19,4,11,2,nef,Node_1_439_675_3650,675,126.308,-45,606.575
19,4,11,2,nef,Node_1_458_1109_1825,1109,1748.92,1054.5,1825
19,4,11,2,nef,Node_1_476_1290_3650,1290,1074.12,409.518,1758.91
19,4,11,2,nef,Node_1_556_429_1825,429,602.443,86.1483,983.913
19,4,11,2,nef,Node_1_579_1816_1825,1816,1093.07,516.987,1825
19,4,11,2,nef,Node_1_583_3238_3650,3238,2801.35,2338.22,3374.98
19,4,11,2,nef,Node_1_595_1457_3650,1457,873.951,464.605,1593.67
19,4,11,2,nef,Node_1_633_638_3650,638,657.208,229.199,1290.01
19,4,11,2,nef,Node_1_635_244_1825,244,372.9,-45,707.967
19,4,11,2,nef,Node_1_709_2006_3650,2006,1602.73,795.199,2265.84
19,4,11,2,nef,Node_1_783_1087_1825,1087,563.072,124.525,935.753
19,4,11,2,nef,Node_1_784_1161_3650,1161,1019.04,495.766,1603.09
19,4,11,2,nef,Node_1_821_2884_3650,2884,2849.74,1713.82,3650
19,4,11,2,nef,Node_1_860_2304_3650,2304,2256.51,1535.18,2987.72
19,4,11,2,nef,Node_1_877_550_3650,550,736.561,215.941,1260.05
19,4,11,2,nef,Node_1_909_2559_3650,2559,1786.31,1076.52,2511.28
19,4,11,2,nef,Node_1_943_3570_3650,3570,3650,2434.41,3650
19,4,11,2,nef,Node_1_987_2895_3650,2895,3402.63,2560.62,3650
19,4,11,2,nef,Node_1_1052_1145_1825,1145,1384.83,878.408,1825
19,4,11,2,nef,Node_1_1070_508_3650,508,141.493,-45,661.727
19,4,11,2,nef,Node_1_1215_204_1825,204,288.795,-45,689.559
19,4,11,2,nef,Node_1_1226_752_1825,752,981.943,464.731,1738.1
19,4,11,2,nef,Node_1_1229_776_1825,776,909.078,329.619,1565.69
19,4,12,2,nef,Node_1_90_75_3650,75,-45,-45,65.5086
19,4,12,2,nef,Node_1_258_2409_3650,2409,2970.39,2167.92,3650
19,4,12,2,nef,Node_1_271_2156_3650,2156,2260.69,1423.88,3236.64
19,4,12,2,nef,Node_1_285_1461_3650,1461,1413.59,713.301,2129.18
19,4,12,2,nef,Node_1_294_1706_3650,1706,2313.88,1337.59,3650
19,4,12,2,nef,Node_1_330_1373_1825,1373,1160.17,417.38,1825
19,4,12,2,nef,Node_1_369_2309_3650,2309,2683.31,1656.37,3650
19,4,12,2,nef,Node_1_439_675_3650,675,934.832,446.413,1674.18
19,4,12,2,nef,Node_1_458_1109_1825,1109,936.498,446.188,1497.64
19,4,12,2,nef,Node_1_476_1290_3650,1290,462.725,42.3371,949.543
19,4,12,2,nef,Node_1_556_429_1825,429,263.8,-45,621.591
19,4,12,2,nef,Node_1_579_1816_1825,1816,1825,997.743,1825
19,4,12,2,nef,Node_1_583_3238_3650,3238,3231.9,2618.86,3650
19,4,12,2,nef,Node_1_595_1457_3650,1457,1634.38,847.054,2324.97
19,4,12,2,nef,Node_1_633_638_3650,638,846.644,217.888,1374.75
19,4,12,2,nef,Node_1_635_244_1825,244,355.527,-38.9046,749.567
19,4,12,2,nef,Node_1_709_2006_3650,2006,1873.3,1010.87,2654.64
19,4,12,2,nef,Node_1_783_1087_1825,1087,1013.63,585.94,1595.43
19,4,12,2,nef,Node_1_784_1161_3650,1161,1013.2,560.134,1494.41
19,4,12,2,nef,Node_1_821_2884_3650,2884,3155.84,2216.89,3650
19,4,12,2,nef,Node_1_860_2304_3650,2304,2206.26,1317.85,3055.43
19,4,12,2,nef,Node_1_877_550_3650,550,172.673,-45,797.414
19,4,12,2,nef,Node_1_909_2559_3650,2559,2589.78,1724.83,3606.09
19,4,12,2,nef,Node_1_943_3570_3650,3570,3650,2432.12,3650
19,4,12,2,nef,Node_1_987_2895_3650,2895,2004.46,1313.31,2606.38
19,4,12,2,nef,Node_1_1052_1145_1825,1145,1387.93,615.26,1825
19,4,12,2,nef,Node_1_1070_508_3650,508,407.124,5.43594,730.617
19,4,12,2,nef,Node_1_1215_204_1825,204,129.248,-45,340.355
19,4,12,2,nef,Node_1_1226_752_1825,752,643.003,145.106,1317.04
19,4,12,2,nef,Node_1_1229_776_1825,776,427.792,7.8483,892.466
19,4,13,2,nef,Node_1_90_75_3650,75,27.0046,-45,303.326
19,4,13,2,nef,Node_1_258_2409_3650,2409,2932.74,2020.86,3650
19,4,13,2,nef,Node_1_271_2156_3650,2156,1745.56,1108.17,2642.48
19,4,13,2,nef,Node_1_285_1461_3650,1461,801.144,23.23,1364.02
19,4,13,2,nef,Node_1_294_1706_3650,1706,1678.66,946.77,2517.13
19,4,13,2,nef,Node_1_330_1373_1825,1373,1025.27,328.605,1634.53
19,4,13,2,nef,Node_1_369_2309_3650,2309,2393.35,1364.02,3343.59
19,4,13,2,nef,Node_1_439_675_3650,675,498.335,-12.9781,1067.36
19,4,13,2,nef,Node_1_458_1109_1825,1109,885.407,366.702,1386.08
19,4,13,2,nef,Node_1_476_1290_3650,1290,1441.39,702.224,1931.89
19,4,13,2,nef,Node_1_556_429_1825,429,377.601,-45,797.772
19,4,13,2,nef,Node_1_579_1816_1825,1816,1825,854.785,1825
19,4,13,2,nef,Node_1_583_3238_3650,3238,3542.32,3085.49,3650
19,4,13,2,nef,Node_1_595_1457_3650,1457,2151.52,1313.12,3004.62
19,4,13,2,nef,Node_1_633_638_3650,638,934.916,191.308,1582.15
19,4,13,2,nef,Node_1_635_244_1825,244,377.833,-45,873.793
19,4,13,2,nef,Node_1_709_2006_3650,2006,1312.68,642.145,2236.94
19,4,13,2,nef,Node_1_783_1087_1825,1087,923.094,588.788,1334.25
19,4,13,2,nef,Node_1_784_1161_3650,1161,1094.94,665.925,1576.22
19,4,13,2,nef,Node_1_821_2884_3650,2884,3650,2431.59,3650
19,4,13,2,nef,Node_1_860_2304_3650,2304,1566.1,494.789,2365.48
19,4,13,2,nef,Node_1_877_550_3650,550,147.358,-45,511.767
19,4,13,2,nef,Node_1_909_2559_3650,2559,3324.32,2328.89,3650
19,4,13,2,nef,Node_1_943_3570_3650,3570,3650,2636.12,3650
19,4,13,2,nef,Node_1_987_2895_3650,2895,3045.95,1944.51,3650
19,4,13,2,nef,Node_1_1052_1145_1825,1145,1165.64,633.898,1664.27
19,4,13,2,nef,Node_1_1070_508_3650,508,560.644,86.3115,1122.12
19,4,13,2,nef,Node_1_1215_204_1825,204,143.411,-45,481.552
19,4,13,2,nef,Node_1_1226_752_1825,752,614.87,41.7394,1121.52
19,4,13,2,nef,Node_1_1229_776_1825,776,1008.73,429.236,1462.8
19,4,14,2,nef,Node_1_90_75_3650,75,768.465,225.001,1159.03
19,4,14,2,nef,Node_1_258_2409_3650,2409,2479.61,1671.56,3109.78
19,4,14,2,nef,Node_1_271_2156_3650,2156,1994.73,1164.75,2852.73
19,4,14,2,nef,Node_1_285_1461_3650,1461,488.081,-45,1021.68
19,4,14,2,nef,Node_1_294_1706_3650,1706,1523.4,463.048,2634.02
19,4,14,2,nef,Node_1_330_1373_1825,1373,1331.05,511.594,1825
19,4,14,2,nef,Node_1_369_2309_3650,2309,3281.99,2205.82,3650
19,4,14,2,nef,Node_1_439_675_3650,675,1129.85,404.508,1877.51
19,4,14,2,nef,Node_1_458_1109_1825,1109,1612.98,997.901,1825
19,4,14,2,nef,Node_1_476_1290_3650,1290,906.096,251.506,1586.86
19,4,14,2,nef,Node_1_556_429_1825,429,689.354,254.034,1089.46
19,4,14,2,nef,Node_1_579_1816_1825,1816,1825,890.581,1825
19,4,14,2,nef,Node_1_583_3238_3650,3238,3118.49,2639.51,3562.21
19,4,14,2,nef,Node_1_595_1457_3650,1457,1280.45,498.471,2142.48
19,4,14,2,nef,Node_1_633_638_3650,638,83.9327,-45,479.306
19,4,14,2,nef,Node_1_635_244_1825,244,419.856,-45,955.768
19,4,14,2,nef,Node_1_709_2006_3650,2006,2242.31,1359.69,3350.92
19,4,14,2,nef,Node_1_783_1087_1825,1087,1426.64,1003.27,1825
19,4,14,2,nef,Node_1_784_1161_3650,1161,1163.75,786.907,1528.63
19,4,14,2,nef,Node_1_821_2884_3650,2884,2722.97,1879.31,3650
19,4,14,2,nef,Node_1_860_2304_3650,2304,2515.09,1578.21,3186.08
19,4,14,2,nef,Node_1_877_550_3650,550,-45,-45,198.441
19,4,14,2,nef,Node_1_909_2559_3650,2559,1433.88,438.381,2404.12
19,4,14,2,nef,Node_1_943_3570_3650,3570,3650,2514.03,3650
19,4,14,2,nef,Node_1_987_2895_3650,2895,3650,2921.92,3650
19,4,14,2,nef,Node_1_1052_1145_1825,1145,1150.54,614.56,1797.33
19,4,14,2,nef,Node_1_1070_508_3650,508,587.38,133.789,1112.94
19,4,14,2,nef,Node_1_1215_204_1825,204,783.752,182.882,1360.36
19,4,14,2,nef,Node_1_1226_752_1825,752,58.1444,-45,337.112
19,4,14,2,nef,Node_1_1229_776_1825,776,759.147,265.112,1195.98
19,4,15,2,nef,Node_1_90_75_3650,75,-45,-45,163.138
19,4,15,2,nef,Node_1_258_2409_3650,2409,2219.92,1286.2,3014.32
19,4,15,2,nef,Node_1_271_2156_3650,2156,1809.18,1219.19,2701.51
19,4,15,2,nef,Node_1_285_1461_3650,1461,1997.47,1028.92,2770.38
19,4,15,2,nef,Node_1_294_1706_3650,1706,2116.54,1320.94,2915.84
19,4,15,2,nef,Node_1_330_1373_1825,1373,752.686,75.8253,1797.34
19,4,15,2,nef,Node_1_369_2309_3650,2309,2778.78,1737.41,3650
19,4,15,2,nef,Node_1_439_675_3650,675,711.773,247.844,1425.54
19,4,15,2,nef,Node_1_458_1109_1825,1109,1212.28,601.485,1747.43
19,4,15,2,nef,Node_1_476_1290_3650,1290,880.498,341.863,1343.37
19,4,15,2,nef,Node_1_556_429_1825,429,398.683,8.57861,703.994
19,4,15,2,nef,Node_1_579_1816_1825,1816,967.733,343.509,1825
19,4,15,2,nef,Node_1_583_3238_3650,3238,2330.67,1705.71,2929.13
19,4,15,2,nef,Node_1_595_1457_3650,1457,1436.62,639.648,2233.99
19,4,15,2,nef,Node_1_633_638_3650,638,736.361,370.972,1230.16
19,4,15,2,nef,Node_1_635_244_1825,244,396.811,-45,899.438
19,4,15,2,nef,Node_1_709_2006_3650,2006,2231.76,1432.14,3164.93
19,4,15,2,nef,Node_1_783_1087_1825,1087,622.942,292.995,925.753
19,4,15,2,nef,Node_1_784_1161_3650,1161,995.644,521.959,1392.5
19,4,15,2,nef,Node_1_821_2884_3650,2884,2231.82,1349.53,3250.76
19,4,15,2,nef,Node_1_860_2304_3650,2304,3453.86,2547.58,3650
19,4,15,2,nef,Node_1_877_550_3650,550,379.337,-35.9037,1125.78
19,4,15,2,nef,Node_1_909_2559_3650,2559,1829.01,931.012,2890.3
19,4,15,2,nef,Node_1_943_3570_3650,3570,3650,2701.03,3650
19,4,15,2,nef,Node_1_987_2895_3650,2895,3122.94,2245.49,3650
19,4,15,2,nef,Node_1_1052_1145_1825,1145,1335.88,681.527,1825
19,4,15,2,nef,Node_1_1070_508_3650,508,-45,-45,73.2443
19,4,15,2,nef,Node_1_1215_204_1825,204,-45,-45,143.751
19,4,15,2,nef,Node_1_1226_752_1825,752,1128.07,440.712,1825
19,4,15,2,nef,Node_1_1229_776_1825,776,961.567,465.916,1491.76
19,4,16,2,nef,Node_1_90_75_3650,75,-45,-45,117.611
19,4,16,2,nef,Node_1_258_2409_3650,2409,2241.28,1445.92,2967.21
19,4,16,2,nef,Node_1_271_2156_3650,2156,2337.8,1690.78,3190.71
19,4,16,2,nef,Node_1_285_1461_3650,1461,1366.11,687.143,2074.06
19,4,16,2,nef,Node_1_294_1706_3650,1706,919.325,427.27,1455.89
19,4,16,2,nef,Node_1_330_1373_1825,1373,478.572,18.6086,1036.87
19,4,16,2,nef,Node_1_369_2309_3650,2309,2822.58,1738.09,3650
19,4,16,2,nef,Node_1_439_675_3650,675,265.788,-18.1825,698.855
19,4,16,2,nef,Node_1_458_1109_1825,1109,613.212,135.722,1103.6
19,4,16,2,nef,Node_1_476_1290_3650,1290,1095.55,574.061,1820.9
19,4,16,2,nef,Node_1_556_429_1825,429,597.373,183.52,961.322
19,4,16,2,nef,Node_1_579_1816_1825,1816,1657.82,820.506,1825
19,4,16,2,nef,Node_1_583_3238_3650,3238,3302.49,2788.64,3650
19,4,16,2,nef,Node_1_595_1457_3650,1457,1330.2,633.355,2088.35
19,4,16,2,nef,Node_1_633_638_3650,638,1132.34,426.67,1829.39
19,4,16,2,nef,Node_1_635_244_1825,244,-0.186123,-45,263.234
19,4,16,2,nef,Node_1_709_2006_3650,2006,2733.34,1486.49,3650
19,4,16,2,nef,Node_1_783_1087_1825,1087,1243.13,891.725,1583.64
19,4,16,2,nef,Node_1_784_1161_3650,1161,1117.19,836.215,1420.4
19,4,16,2,nef,Node_1_821_2884_3650,2884,3143.41,2274.78,3650
19,4,16,2,nef,Node_1_860_2304_3650,2304,2574.68,1889,3499.3
19,4,16,2,nef,Node_1_877_550_3650,550,714.959,330.802,1566.67
19,4,16,2,nef,Node_1_909_2559_3650,2559,2413.96,1561.32,3199.68
19,4,16,2,nef,Node_1_943_3570_3650,3570,3650,2164.29,3650
19,4,16,2,nef,Node_1_987_2895_3650,2895,3107.94,2416.28,3650
19,4,16,2,nef,Node_1_1052_1145_1825,1145,943.007,415.417,1494.53
19,4,16,2,nef,Node_1_1070_508_3650,508,680.574,176.387,1033.12
19,4,16,2,nef,Node_1_1215_204_1825,204,-45,-45,219.05
19,4,16,2,nef,Node_1_1226_752_1825,752,752.57,147.566,1359.09
19,4,16,2,nef,Node_1_1229_776_1825,776,966.432,587.89,1454.48
19,4,17,2,nef,Node_1_90_75_3650,75,-45,-45,158.633
19,4,17,2,nef,Node_1_258_2409_3650,2409,2349.33,1520.33,3139.42
19,4,17,2,nef,Node_1_271_2156_3650,2156,2753.66,2079.63,3496.82
19,4,17,2,nef,Node_1_285_1461_3650,1461,1416.49,558.882,2237.41
19,4,17,2,nef,Node_1_294_1706_3650,1706,1820.72,1002.95,2735.78
19,4,17,2,nef,Node_1_330_1373_1825,1373,1282.68,560.212,1825
19,4,17,2,nef,Node_1_369_2309_3650,2309,3295.56,2038.56,3650
19,4,17,2,nef,Node_1_439_675_3650,675,685.726,215.194,1322.25
19,4,17,2,nef,Node_1_458_1109_1825,1109,1079.55,637.347,1482.51
19,4,17,2,nef,Node_1_476_1290_3650,1290,417.424,-45,896.652
19,4,17,2,nef,Node_1_556_429_1825,429,910.956,104.589,1664.84
19,4,17,2,nef,Node_1_579_1816_1825,1816,1825,1108.94,1825
19,4,17,2,nef,Node_1_583_3238_3650,3238,3279.07,2806.35,3650
19,4,17,2,nef,Node_1_595_1457_3650,1457,1374.78,773.934,2114.28
19,4,17,2,nef,Node_1_633_638_3650,638,518.699,122.863,1097.59
19,4,17,2,nef,Node_1_635_244_1825,244,562.649,-13.9193,1088.93
19,4,17,2,nef,Node_1_709_2006_3650,2006,1702.99,821.236,2481.12
19,4,17,2,nef,Node_1_783_1087_1825,1087,925.018,575.24,1201.66
19,4,17,2,nef,Node_1_784_1161_3650,1161,1037.9,639.343,1465.33
19,4,17,2,nef,Node_1_821_2884_3650,2884,2168.8,1204.16,3084.74
19,4,17,2,nef,Node_1_860_2304_3650,2304,1922.46,1074.98,2632.34
19,4,17,2,nef,Node_1_877_550_3650,550,39.5361,-45,287.18
19,4,17,2,nef,Node_1_909_2559_3650,2559,3627.01,2738.51,3650
19,4,17,2,nef,Node_1_943_3570_3650,3570,3650,2654.57,3650
19,4,17,2,nef,Node_1_987_2895_3650,2895,3127.32,2133.04,3650
19,4,17,2,nef,Node_1_1052_1145_1825,1145,829.426,200.979,1542.49
19,4,17,2,nef,Node_1_1070_508_3650,508,302.009,-45,786.542
19,4,17,2,nef,Node_1_1215_204_1825,204,2.09836,-45,396.913
19,4,17,2,nef,Node_1_1226_752_1825,752,308.726,-45,875.221
19,4,17,2,nef,Node_1_1229_776_1825,776,1111.7,701.379,1524.74
19,4,18,2,nef,Node_1_90_75_3650,75,-45,-45,120.511
19,4,18,2,nef,Node_1_258_2409_3650,2409,2351.96,1659.53,3066.43
19,4,18,2,nef,Node_1_271_2156_3650,2156,2345.03,1618.32,3011.93
19,4,18,2,nef,Node_1_285_1461_3650,1461,1745.56,770.102,2607.34
19,4,18,2,nef,Node_1_294_1706_3650,1706,2181.62,1433.78,3147.69
19,4,18,2,nef,Node_1_330_1373_1825,1373,1825,942.565,1825
19,4,18,2,nef,Node_1_369_2309_3650,2309,3650,2653.71,3650
19,4,18,2,nef,Node_1_439_675_3650,675,1118.79,389.888,1683.99
19,4,18,2,nef,Node_1_458_1109_1825,1109,1308.13,656.582,1820.92
19,4,18,2,nef,Node_1_476_1290_3650,1290,1247.98,540.323,1899.91
19,4,18,2,nef,Node_1_556_429_1825,429,-31.0772,-45,230.779
19,4,18,2,nef,Node_1_579_1816_1825,1816,1013.86,346.635,1695.71
19,4,18,2,nef,Node_1_583_3238_3650,3238,3067.55,2532.35,3568.35
19,4,18,2,nef,Node_1_595_1457_3650,1457,1497.89,864.77,2199.41
19,4,18,2,nef,Node_1_633_638_3650,638,447.89,-45,894.321
19,4,18,2,nef,Node_1_635_244_1825,244,291.243,43.0079,617.406
19,4,18,2,nef,Node_1_709_2006_3650,2006,2116.26,1204.01,3119.17
19,4,18,2,nef,Node_1_783_1087_1825,1087,1332.82,963.493,1732.52
19,4,18,2,nef,Node_1_784_1161_3650,1161,1915.21,1424.53,2563.08
19,4,18,2,nef,Node_1_821_2884_3650,2884,3307.11,2241.91,3650
19,4,18,2,nef,Node_1_860_2304_3650,2304,2540.39,1711.78,3329.04
19,4,18,2,nef,Node_1_877_550_3650,550,755.684,284.47,1177.04
19,4,18,2,nef,Node_1_909_2559_3650,2559,2421.54,1607.87,3137.16
19,4,18,2,nef,Node_1_943_3570_3650,3570,3004.3,1914.64,3650
19,4,18,2,nef,Node_1_987_2895_3650,2895,1757.96,1130.7,2494.97
19,4,18,2,nef,Node_1_1052_1145_1825,1145,676.413,87.6746,1236.6
19,4,18,2,nef,Node_1_1070_508_3650,508,873.092,439.95,1431.54
19,4,18,2,nef,Node_1_1215_204_1825,204,-41.3202,-45,220.731
19,4,18,2,nef,Node_1_1226_752_1825,752,885.477,252.087,1729.16
19,4,18,2,nef,Node_1_1229_776_1825,776,745.935,384.099,985.003
19,4,19,2,nef,Node_1_90_75_3650,75,191.618,-45,451.684
19,4,19,2,nef,Node_1_258_2409_3650,2409,2545.74,1598.19,3275.19
19,4,19,2,nef,Node_1_271_2156_3650,2156,2023.08,1491.75,2613.66
19,4,19,2,nef,Node_1_285_1461_3650,1461,1620.67,627.526,2419.66
19,4,19,2,nef,Node_1_294_1706_3650,1706,1222.97,572.308,1945.45
19,4,19,2,nef,Node_1_330_1373_1825,1373,908.307,28.7921,1771.69
19,4,19,2,nef,Node_1_369_2309_3650,2309,1573.27,709.649,2366.93
19,4,19,2,nef,Node_1_439_675_3650,675,135.518,-45,428.088
19,4,19,2,nef,Node_1_458_1109_1825,1109,1287.87,726.998,1825
19,4,19,2,nef,Node_1_476_1290_3650,1290,1780.65,680.88,2639.83
19,4,19,2,nef,Node_1_556_429_1825,429,375.523,25.5668,764.837
19,4,19,2,nef,Node_1_579_1816_1825,1816,1825,1223.25,1825
19,4,19,2,nef,Node_1_583_3238_3650,3238,3482.16,3051.04,3650
19,4,19,2,nef,Node_1_595_1457_3650,1457,1518.83,523.998,2360.68
19,4,19,2,nef,Node_1_633_638_3650,638,467.959,79.2789,783.515
19,4,19,2,nef,Node_1_635_244_1825,244,325.259,-26.2458,694.445
19,4,19,2,nef,Node_1_709_2006_3650,2006,1317.45,748.247,1938.91
19,4,19,2,nef,Node_1_783_1087_1825,1087,1095.06,907.94,1095.06
19,4,19,2,nef,Node_1_784_1161_3650,1161,1322.48,1007.71,1705.42
19,4,19,2,nef,Node_1_821_2884_3650,2884,3300.03,2299.76,3650
19,4,19,2,nef,Node_1_860_2304_3650,2304,3321.38,2365.59,3650
19,4,19,2,nef,Node_1_877_550_3650,550,1043.2,429.57,1558.08
19,4,19,2,nef,Node_1_909_2559_3650,2559,1796.6,1094.69,2741.24
19,4,19,2,nef,Node_1_943_3570_3650,3570,2654.32,1605.83,3650
19,4,19,2,nef,Node_1_987_2895_3650,2895,2437.02,1645.32,3200.99
19,4,19,2,nef,Node_1_1052_1145_1825,1145,1822.3,1263.53,1825
19,4,19,2,nef,Node_1_1070_508_3650,508,691.056,106.995,1095.2
19,4,19,2,nef,Node_1_1215_204_1825,204,-1.11742,-45,144.938
19,4,19,2,nef,Node_1_1226_752_1825,752,781.716,246.061,1185.65
19,4,19,2,nef,Node_1_1229_776_1825,776,815.112,501.288,1213.76
19,4,20,2,nef,Node_1_90_75_3650,75,-45,-45,221.369
19,4,20,2,nef,Node_1_258_2409_3650,2409,2354.56,1611.69,3068.48
19,4,20,2,nef,Node_1_271_2156_3650,2156,1848.77,1199.3,2523.19
19,4,20,2,nef,Node_1_285_1461_3650,1461,1264.88,537.676,2063.68
19,4,20,2,nef,Node_1_294_1706_3650,1706,1024.51,200.66,1889.4
19,4,20,2,nef,Node_1_330_1373_1825,1373,1109.18,514.387,1825
19,4,20,2,nef,Node_1_369_2309_3650,2309,1683.54,1033.06,2780.42
19,4,20,2,nef,Node_1_439_675_3650,675,1271.74,441.017,2360.03
19,4,20,2,nef,Node_1_458_1109_1825,1109,808.73,220.268,1486.63
19,4,20,2,nef,Node_1_476_1290_3650,1290,968.392,400.82,1671.57
19,4,20,2,nef,Node_1_556_429_1825,429,434.751,-45,892.531
19,4,20,2,nef,Node_1_579_1816_1825,1816,307.476,-45,911.11
19,4,20,2,nef,Node_1_583_3238_3650,3238,3253.24,2861.62,3650
19,4,20,2,nef,Node_1_595_1457_3650,1457,694.478,97.2659,1169.01
19,4,20,2,nef,Node_1_633_638_3650,638,159.53,-45,665.181
19,4,20,2,nef,Node_1_635_244_1825,244,149.594,-45,531.584
19,4,20,2,nef,Node_1_709_2006_3650,2006,1885.28,1011.33,2826.7
19,4,20,2,nef,Node_1_783_1087_1825,1087,1162.84,741.963,1617.74
19,4,20,2,nef,Node_1_784_1161_3650,1161,899.134,580.927,1095
19,4,20,2,nef,Node_1_821_2884_3650,2884,3650,2084.59,3650
19,4,20,2,nef,Node_1_860_2304_3650,2304,2934.07,1770.32,3650
19,4,20,2,nef,Node_1_877_550_3650,550,148.713,-45,411.781
19,4,20,2,nef,Node_1_909_2559_3650,2559,2418.02,1454.95,3453.45
19,4,20,2,nef,Node_1_943_3570_3650,3570,3052.01,1979.36,3650
19,4,20,2,nef,Node_1_987_2895_3650,2895,2123.26,1514.84,2771.7
19,4,20,2,nef,Node_1_1052_1145_1825,1145,1037.58,510.636,1518.24
19,4,20,2,nef,Node_1_1070_508_3650,508,781.75,281.361,1237.64
19,4,20,2,nef,Node_1_1215_204_1825,204,-45,-45,221.369
19,4,20,2,nef,Node_1_1226_752_1825,752,998.188,558.342,1551.34
19,4,20,2,nef,Node_1_1229_776_1825,776,706.491,283.341,1046.84
19,4,21,2,nef,Node_1_90_75_3650,75,126.978,-45,214.465
19,4,21,2,nef,Node_1_258_2409_3650,2409,3650,2553.58,3650
19,4,21,2,nef,Node_1_271_2156_3650,2156,2431.09,1652.73,3182.83
19,4,21,2,nef,Node_1_285_1461_3650,1461,2575.32,1450.7,3650
19,4,21,2,nef,Node_1_294_1706_3650,1706,887.713,166.826,1715.95
19,4,21,2,nef,Node_1_330_1373_1825,1373,1596.09,883.725,1825
19,4,21,2,nef,Node_1_369_2309_3650,2309,2847.34,1716.45,3650
19,4,21,2,nef,Node_1_439_675_3650,675,514.226,-15.6373,1170.62
19,4,21,2,nef,Node_1_458_1109_1825,1109,1219.19,624.672,1816.46
19,4,21,2,nef,Node_1_476_1290_3650,1290,617.894,218.242,1346.06
19,4,21,2,nef,Node_1_556_429_1825,429,602.135,27.3481,1223.13
19,4,21,2,nef,Node_1_579_1816_1825,1816,1819.22,1006.1,1825
19,4,21,2,nef,Node_1_583_3238_3650,3238,3315.61,2819.99,3650
19,4,21,2,nef,Node_1_595_1457_3650,1457,2441.05,1670.04,3095.99
19,4,21,2,nef,Node_1_633_638_3650,638,675.344,135.351,1260.71
19,4,21,2,nef,Node_1_635_244_1825,244,-45,-45,236.793
19,4,21,2,nef,Node_1_709_2006_3650,2006,2221.5,1423.04,3419.69
19,4,21,2,nef,Node_1_783_1087_1825,1087,1429.29,1068.38,1737.34
19,4,21,2,nef,Node_1_784_1161_3650,1161,1550.45,1092.44,2108.38
19,4,21,2,nef,Node_1_821_2884_3650,2884,3650,2382.62,3650
19,4,21,2,nef,Node_1_860_2304_3650,2304,2190.36,1416.71,3357.18
19,4,21,2,nef,Node_1_877_550_3650,550,536.837,79.0287,1264.42
19,4,21,2,nef,Node_1_909_2559_3650,2559,2426.7,1500.78,3511.45
19,4,21,2,nef,Node_1_943_3570_3650,3570,3531.05,2649.35,3650
19,4,21,2,nef,Node_1_987_2895_3650,2895,3650,2623.09,3650
19,4,21,2,nef,Node_1_1052_1145_1825,1145,494.046,-45,1029.23
19,4,21,2,nef,Node_1_1070_508_3650,508,366.507,37.1129,826.795
19,4,21,2,nef,Node_1_1215_204_1825,204,3.70246,-45,85.2127
19,4,21,2,nef,Node_1_1226_752_1825,752,353.785,3.97357,786.086
19,4,21,2,nef,Node_1_1229_776_1825,776,440.939,-45,856.485
19,4,22,2,nef,Node_1_90_75_3650,75,-45,-45,282.529
19,4,22,2,nef,Node_1_258_2409_3650,2409,1816.08,1209.35,2540.64
19,4,22,2,nef,Node_1_271_2156_3650,2156,1920.8,1178.01,2570.9
19,4,22,2,nef,Node_1_285_1461_3650,1461,2389.63,1476.16,3650
19,4,22,2,nef,Node_1_294_1706_3650,1706,1995.22,1087.41,2976.55
19,4,22,2,nef,Node_1_330_1373_1825,1373,1054.34,403.638,1825
19,4,22,2,nef,Node_1_369_2309_3650,2309,2677.78,1563.72,3650
19,4,22,2,nef,Node_1_439_675_3650,675,485.043,-45,1051.94
19,4,22,2,nef,Node_1_458_1109_1825,1109,1438.16,879.149,1825
19,4,22,2,nef,Node_1_476_1290_3650,1290,1745.95,950.145,2967.75
19,4,22,2,nef,Node_1_556_429_1825,429,215.338,-45,476.067
19,4,22,2,nef,Node_1_579_1816_1825,1816,1156.86,441.266,1825
19,4,22,2,nef,Node_1_583_3238_3650,3238,3009.55,2407.78,3512.8
19,4,22,2,nef,Node_1_595_1457_3650,1457,1937.74,1128.18,2820.93
19,4,22,2,nef,Node_1_633_638_3650,638,518.815,-45,1360.31
19,4,22,2,nef,Node_1_635_244_1825,244,299.092,-45,746.363
19,4,22,2,nef,Node_1_709_2006_3650,2006,1854.22,904.34,2834.04
19,4,22,2,nef,Node_1_783_1087_1825,1087,1339.54,995.068,1760.44
19,4,22,2,nef,Node_1_784_1161_3650,1161,1213.31,875.795,1604.64
19,4,22,2,nef,Node_1_821_2884_3650,2884,3210.61,2103.7,3650
19,4,22,2,nef,Node_1_860_2304_3650,2304,2361.96,1570.55,3437.94
19,4,22,2,nef,Node_1_877_550_3650,550,728.433,163.466,1500.24
19,4,22,2,nef,Node_1_909_2559_3650,2559,2886.01,1884.67,3650
19,4,22,2,nef,Node_1_943_3570_3650,3570,3650,2169.13,3650
19,4,22,2,nef,Node_1_987_2895_3650,2895,2577.66,1864.87,3620.23
19,4,22,2,nef,Node_1_1052_1145_1825,1145,1420.45,800.859,1825
19,4,22,2,nef,Node_1_1070_508_3650,508,44.288,-45,346.798
19,4,22,2,nef,Node_1_1215_204_1825,204,-45,-45,275.927
19,4,22,2,nef,Node_1_1226_752_1825,752,1003.73,427.63,1569.15
19,4,22,2,nef,Node_1_1229_776_1825,776,872.969,332.267,1397.71
19,4,23,2,nef,Node_1_90_75_3650,75,-45,-45,198.3
19,4,23,2,nef,Node_1_258_2409_3650,2409,2158.7,1247.52,3052.06
19,4,23,2,nef,Node_1_271_2156_3650,2156,1986.59,1410.57,2477.07
19,4,23,2,nef,Node_1_285_1461_3650,1461,767.969,150.683,1348.92
19,4,23,2,nef,Node_1_294_1706_3650,1706,751.48,194.677,1413.08
19,4,23,2,nef,Node_1_330_1373_1825,1373,1568.02,800.904,1825
19,4,23,2,nef,Node_1_369_2309_3650,2309,3330.92,2274.68,3650
19,4,23,2,nef,Node_1_439_675_3650,675,834.049,277.707,1553.78
19,4,23,2,nef,Node_1_458_1109_1825,1109,1416.08,788.815,1825
19,4,23,2,nef,Node_1_476_1290_3650,1290,992.487,415.341,1821.71
19,4,23,2,nef,Node_1_556_429_1825,429,676.854,233.535,1379.02
19,4,23,2,nef,Node_1_579_1816_1825,1816,858.8,172.246,1516.71
19,4,23,2,nef,Node_1_583_3238_3650,3238,2950.99,2380.98,3465.53
19,4,23,2,nef,Node_1_595_1457_3650,1457,1548.6,605.639,2127.48
19,4,23,2,nef,Node_1_633_638_3650,638,611.052,238.753,1180.53
19,4,23,2,nef,Node_1_635_244_1825,244,124.774,-45,729.022
19,4,23,2,nef,Node_1_709_2006_3650,2006,1179.64,473.811,2011.84
19,4,23,2,nef,Node_1_783_1087_1825,1087,1219.43,811.615,1819.13
19,4,23,2,nef,Node_1_784_1161_3650,1161,1218.02,751.854,1685.98
19,4,23,2,nef,Node_1_821_2884_3650,2884,3650,2482.53,3650
19,4,23,2,nef,Node_1_860_2304_3650,2304,2856.79,1987.05,3650
19,4,23,2,nef,Node_1_877_550_3650,550,-45,-45,276.066
19,4,23,2,nef,Node_1_909_2559_3650,2559,2718.2,1873.86,3650
19,4,23,2,nef,Node_1_943_3570_3650,3570,3551.97,2336.77,3650
19,4,23,2,nef,Node_1_987_2895_3650,2895,2299.16,1594.1,3078.61
19,4,23,2,nef,Node_1_1052_1145_1825,1145,850.006,380.221,1327.6
19,4,23,2,nef,Node_1_1070_508_3650,508,-34.4498,-45,449.032
19,4,23,2,nef,Node_1_1215_204_1825,204,-6.35614,-45,399.109
19,4,23,2,nef,Node_1_1226_752_1825,752,949.294,435.135,1561.12
19,4,23,2,nef,Node_1_1229_776_1825,776,484.741,180.855,834.202
19,4,24,2,nef,Node_1_90_75_3650,75,113.947,-45,293.109
19,4,24,2,nef,Node_1_258_2409_3650,2409,2368.87,1636.95,3177.91
19,4,24,2,nef,Node_1_271_2156_3650,2156,1891.01,1296.12,2540.04
19,4,24,2,nef,Node_1_285_1461_3650,1461,2672.69,1717.85,3488.84
19,4,24,2,nef,Node_1_294_1706_3650,1706,1832.52,887.752,2840.01
19,4,24,2,nef,Node_1_330_1373_1825,1373,1477.79,739.709,1825
19,4,24,2,nef,Node_1_369_2309_3650,2309,1601,843.039,2997.16
19,4,24,2,nef,Node_1_439_675_3650,675,800.988,419.074,1264.5
19,4,24,2,nef,Node_1_458_1109_1825,1109,1248.26,416.456,1825
19,4,24,2,nef,Node_1_476_1290_3650,1290,1208.97,692.071,1990.35
19,4,24,2,nef,Node_1_556_429_1825,429,682.073,268.746,1119
19,4,24,2,nef,Node_1_579_1816_1825,1816,1687.54,1005.91,1825
19,4,24,2,nef,Node_1_583_3238_3650,3238,3086.83,2572.52,3650
19,4,24,2,nef,Node_1_595_1457_3650,1457,1127.29,608.531,1845.39
19,4,24,2,nef,Node_1_633_638_3650,638,689.901,301.678,1079.52
19,4,24,2,nef,Node_1_635_244_1825,244,-45,-45,93.971
19,4,24,2,nef,Node_1_709_2006_3650,2006,1868.42,803.203,2533.28
19,4,24,2,nef,Node_1_783_1087_1825,1087,781.883,448.541,1105.19
19,4,24,2,nef,Node_1_784_1161_3650,1161,1006.79,514.981,1376.2
19,4,24,2,nef,Node_1_821_2884_3650,2884,2084.06,1315.64,2913.06
19,4,24,2,nef,Node_1_860_2304_3650,2304,2179.38,1514.35,2853.77
19,4,24,2,nef,Node_1_877_550_3650,550,181.553,-45,542.72
19,4,24,2,nef,Node_1_909_2559_3650,2559,2591.68,1669.62,3420.24
19,4,24,2,nef,Node_1_943_3570_3650,3570,2490.28,1798.75,3650
19,4,24,2,nef,Node_1_987_2895_3650,2895,2623.08,2061.74,3384.25
19,4,24,2,nef,Node_1_1052_1145_1825,1145,1752.54,1217.5,1825
19,4,24,2,nef,Node_1_1070_508_3650,508,144.532,-45,509.811
19,4,24,2,nef,Node_1_1215_204_1825,204,-45,-45,130.145
19,4,24,2,nef,Node_1_1226_752_1825,752,1170.23,647.388,1806.45
19,4,24,2,nef,Node_1_1229_776_1825,776,917.101,500.985,1282.42
19,4,25,2,nef,Node_1_90_75_3650,75,-13.8804,-45,81.6407
19,4,25,2,nef,Node_1_258_2409_3650,2409,2907.46,2222.18,3650
19,4,25,2,nef,Node_1_271_2156_3650,2156,1917.66,1281.89,2467.56
19,4,25,2,nef,Node_1_285_1461_3650,1461,792.327,288.57,1420.91
19,4,25,2,nef,Node_1_294_1706_3650,1706,1250.84,611.821,1857.19
19,4,25,2,nef,Node_1_330_1373_1825,1373,1825,1005.41,1825
19,4,25,2,nef,Node_1_369_2309_3650,2309,2246.84,1480.34,3251.96
19,4,25,2,nef,Node_1_439_675_3650,675,782.892,160.385,1624.45
19,4,25,2,nef,Node_1_458_1109_1825,1109,945.847,510.752,1456.98
19,4,25,2,nef,Node_1_476_1290_3650,1290,676.24,169.763,1135.89
19,4,25,2,nef,Node_1_556_429_1825,429,629.716,143.9,1201.4
19,4,25,2,nef,Node_1_579_1816_1825,1816,1825,1159.11,1825
19,4,25,2,nef,Node_1_583_3238_3650,3238,3315.22,2864.03,3650
19,4,25,2,nef,Node_1_595_1457_3650,1457,815.29,172.462,1317.68
19,4,25,2,nef,Node_1_633_638_3650,638,572.167,148.927,999.462
19,4,25,2,nef,Node_1_635_244_1825,244,374.552,-45,874.683
19,4,25,2,nef,Node_1_709_2006_3650,2006,1450.42,689.932,2505.27
19,4,25,2,nef,Node_1_783_1087_1825,1087,1320.55,998.187,1579.9
19,4,25,2,nef,Node_1_784_1161_3650,1161,1320.97,979.37,1629.94
19,4,25,2,nef,Node_1_821_2884_3650,2884,3386.34,2192.06,3650
19,4,25,2,nef,Node_1_860_2304_3650,2304,1785.06,1016.02,2455.15
19,4,25,2,nef,Node_1_877_550_3650,550,491.44,-18.9562,989.136
19,4,25,2,nef,Node_1_909_2559_3650,2559,2130.68,1292.63,3083.99
19,4,25,2,nef,Node_1_943_3570_3650,3570,3501.39,2267.97,3650
19,4,25,2,nef,Node_1_987_2895_3650,2895,2864.01,2330.2,3406.42
19,4,25,2,nef,Node_1_1052_1145_1825,1145,1370.92,865.402,1746.97
19,4,25,2,nef,Node_1_1070_508_3650,508,98.5295,-45,355.263
19,4,25,2,nef,Node_1_1215_204_1825,204,416.84,47.5105,898.237
19,4,25,2,nef,Node_1_1226_752_1825,752,341.311,5.3757,678.035
19,4,25,2,nef,Node_1_1229_776_1825,776,484.49,236.323,813.912
19,4,26,2,nef,Node_1_90_75_3650,75,22.3469,-45,98.7817
19,4,26,2,nef,Node_1_258_2409_3650,2409,2279.55,1749.92,2904.05
19,4,26,2,nef,Node_1_271_2156_3650,2156,1441.1,1069.59,1861.99
19,4,26,2,nef,Node_1_285_1461_3650,1461,842.642,473.864,1400.91
19,4,26,2,nef,Node_1_294_1706_3650,1706,601.799,80.1731,954.816
19,4,26,2,nef,Node_1_330_1373_1825,1373,974.317,327.572,1618.59
19,4,26,2,nef,Node_1_369_2309_3650,2309,2234.39,1314.19,3156.97
19,4,26,2,nef,Node_1_439_675_3650,675,616.494,59.7755,1198.22
19,4,26,2,nef,Node_1_458_1109_1825,1109,985.976,406.082,1618.45
19,4,26,2,nef,Node_1_476_1290_3650,1290,1052.11,378.684,1788.14
19,4,26,2,nef,Node_1_556_429_1825,429,661.422,206.447,1047.42
19,4,26,2,nef,Node_1_579_1816_1825,1816,1825,981.126,1825
19,4,26,2,nef,Node_1_583_3238_3650,3238,3650,3239.19,3650
19,4,26,2,nef,Node_1_595_1457_3650,1457,1570.28,867.809,2596.79
19,4,26,2,nef,Node_1_633_638_3650,638,690.749,197.329,1108.96
19,4,26,2,nef,Node_1_635_244_1825,244,468.498,9.6377,832.301
19,4,26,2,nef,Node_1_709_2006_3650,2006,1937.43,1161.5,2820.8
19,4,26,2,nef,Node_1_783_1087_1825,1087,1017.37,827.799,1095
19,4,26,2,nef,Node_1_784_1161_3650,1161,1247.3,950.22,1601.57
19,4,26,2,nef,Node_1_821_2884_3650,2884,2058.59,1269.02,2763.71
19,4,26,2,nef,Node_1_860_2304_3650,2304,1648.53,889.492,2419.38
19,4,26,2,nef,Node_1_877_550_3650,550,690.218,267.893,1144.1
19,4,26,2,nef,Node_1_909_2559_3650,2559,2863.96,1758.65,3650
19,4,26,2,nef,Node_1_943_3570_3650,3570,3650,2452.17,3650
19,4,26,2,nef,Node_1_987_2895_3650,2895,3344.52,2629.84,3650
19,4,26,2,nef,Node_1_1052_1145_1825,1145,1351.61,796.42,1806.75
19,4,26,2,nef,Node_1_1070_508_3650,508,610.042,-13.1782,987.19
19,4,26,2,nef,Node_1_1215_204_1825,204,28.231,-45,114.998
19,4,26,2,nef,Node_1_1226_752_1825,752,479.147,-28.9179,799.882
19,4,26,2,nef,Node_1_1229_776_1825,776,945.276,724.498,1095
19,4,27,2,nef,Node_1_90_75_3650,75,24.0224,-45,126.954
19,4,27,2,nef,Node_1_258_2409_3650,2409,2688.81,1669.94,3650
19,4,27,2,nef,Node_1_271_2156_3650,2156,1856.48,1210.81,2523.45
19,4,27,2,nef,Node_1_285_1461_3650,1461,2125.92,1164.39,3147.85
19,4,27,2,nef,Node_1_294_1706_3650,1706,2741.34,1863.95,3650
19,4,27,2,nef,Node_1_330_1373_1825,1373,1133.88,507.13,1634.21
19,4,27,2,nef,Node_1_369_2309_3650,2309,2511.47,1527.32,3534.14
19,4,27,2,nef,Node_1_439_675_3650,675,1588.28,768.208,2481.86
19,4,27,2,nef,Node_1_458_1109_1825,1109,1489.3,837.418,1825
19,4,27,2,nef,Node_1_476_1290_3650,1290,2557.58,1556.33,3650
19,4,27,2,nef,Node_1_556_429_1825,429,623.808,44.258,1125.33
19,4,27,2,nef,Node_1_579_1816_1825,1816,1658.89,803.766,1825
19,4,27,2,nef,Node_1_583_3238_3650,3238,2702.94,2088.2,3330.34
19,4,27,2,nef,Node_1_595_1457_3650,1457,1537.56,652.496,2306.96
19,4,27,2,nef,Node_1_633_638_3650,638,179.131,-45,418.834
19,4,27,2,nef,Node_1_635_244_1825,244,547.525,20.741,1023.78
19,4,27,2,nef,Node_1_709_2006_3650,2006,1961.22,1110.25,2847.41
19,4,27,2,nef,Node_1_783_1087_1825,1087,1467.69,931.112,1825
19,4,27,2,nef,Node_1_784_1161_3650,1161,1341.79,886.82,1785.23
19,4,27,2,nef,Node_1_821_2884_3650,2884,3169.59,2142.83,3650
19,4,27,2,nef,Node_1_860_2304_3650,2304,2141.91,1449.07,2776.47
19,4,27,2,nef,Node_1_877_550_3650,550,581.044,197.844,1037.32
19,4,27,2,nef,Node_1_909_2559_3650,2559,1817.52,1158.47,2948.46
19,4,27,2,nef,Node_1_943_3570_3650,3570,3011.37,1990.23,3650
19,4,27,2,nef,Node_1_987_2895_3650,2895,2792.14,2184.99,3538.57
19,4,27,2,nef,Node_1_1052_1145_1825,1145,1178.26,547.457,1700.79
19,4,27,2,nef,Node_1_1070_508_3650,508,625.095,80.3417,1028.94
19,4,27,2,nef,Node_1_1215_204_1825,204,364.021,-45,813.641
19,4,27,2,nef,Node_1_1226_752_1825,752,1147.82,415.776,1825
19,4,27,2,nef,Node_1_1229_776_1825,776,1069.45,613.822,1543
19,4,28,2,nef,Node_1_90_75_3650,75,109.367,-45,478.169
19,4,28,2,nef,Node_1_258_2409_3650,2409,2486.39,1598.95,3648.91
19,4,28,2,nef,Node_1_271_2156_3650,2156,2553.81,1646.56,3544.41
19,4,28,2,nef,Node_1_285_1461_3650,1461,970.925,428.23,1605.53
19,4,28,2,nef,Node_1_294_1706_3650,1706,442.176,-45,961.421
19,4,28,2,nef,Node_1_330_1373_1825,1373,1419.22,718.25,1825
19,4,28,2,nef,Node_1_369_2309_3650,2309,3650,2430.64,3650
19,4,28,2,nef,Node_1_439_675_3650,675,632.002,103.702,1295.16
19,4,28,2,nef,Node_1_458_1109_1825,1109,1825,912.548,1825
19,4,28,2,nef,Node_1_476_1290_3650,1290,2096.07,1370.77,2884.14
19,4,28,2,nef,Node_1_556_429_1825,429,1110.14,514.49,1825
19,4,28,2,nef,Node_1_579_1816_1825,1816,1825,1078.31,1825
19,4,28,2,nef,Node_1_583_3238_3650,3238,3236.91,2627.82,3650
19,4,28,2,nef,Node_1_595_1457_3650,1457,2573.52,1640.36,3425.05
19,4,28,2,nef,Node_1_633_638_3650,638,239.153,-45,593.538
19,4,28,2,nef,Node_1_635_244_1825,244,307.596,113.619,365
19,4,28,2,nef,Node_1_709_2006_3650,2006,1296.71,588.612,2004.38
19,4,28,2,nef,Node_1_783_1087_1825,1087,1220.26,864.621,1454.34
19,4,28,2,nef,Node_1_784_1161_3650,1161,1220.19,874.252,1528.3
19,4,28,2,nef,Node_1_821_2884_3650,2884,2967.98,1803.72,3650
19,4,28,2,nef,Node_1_860_2304_3650,2304,2539.44,1771.31,3650
19,4,28,2,nef,Node_1_877_550_3650,550,558.224,17.8174,1088.41
19,4,28,2,nef,Node_1_909_2559_3650,2559,3301.96,2106.35,3650
19,4,28,2,nef,Node_1_943_3570_3650,3570,3650,2514.25,3650
19,4,28,2,nef,Node_1_987_2895_3650,2895,2440.71,1854.99,3001.76
19,4,28,2,nef,Node_1_1052_1145_1825,1145,1213.07,769.336,1603.29
19,4,28,2,nef,Node_1_1070_508_3650,508,532.009,87.5154,1092.57
19,4,28,2,nef,Node_1_1215_204_1825,204,366.671,-45,687.653
19,4,28,2,nef,Node_1_1226_752_1825,752,568.427,110.535,1212.52
19,4,28,2,nef,Node_1_1229_776_1825,776,378.678,52.8826,773.704
19,4,29,2,nef,Node_1_90_75_3650,75,-45,-45,230.36
19,4,29,2,nef,Node_1_258_2409_3650,2409,1574.56,937.112,2262.55
19,4,29,2,nef,Node_1_271_2156_3650,2156,2422.17,1649.91,3379.97
19,4,29,2,nef,Node_1_285_1461_3650,1461,1051.79,302.453,1715.55
19,4,29,2,nef,Node_1_294_1706_3650,1706,2502.38,1381.58,3619.02
19,4,29,2,nef,Node_1_330_1373_1825,1373,1825,1042.64,1825
19,4,29,2,nef,Node_1_369_2309_3650,2309,2173.49,1221.08,3107.77
19,4,29,2,nef,Node_1_439_675_3650,675,645.098,25.7657,1306.68
19,4,29,2,nef,Node_1_458_1109_1825,1109,906.554,360.872,1516.44
19,4,29,2,nef,Node_1_476_1290_3650,1290,1226.21,478.553,2392.22
19,4,29,2,nef,Node_1_556_429_1825,429,613.399,183.488,960.865
19,4,29,2,nef,Node_1_579_1816_1825,1816,1825,1039.44,1825
19,4,29,2,nef,Node_1_583_3238_3650,3238,3055.4,2526.16,3446.2
19,4,29,2,nef,Node_1_595_1457_3650,1457,1175.06,329.053,1975.03
19,4,29,2,nef,Node_1_633_638_3650,638,804.016,211.97,1661.02
19,4,29,2,nef,Node_1_635_244_1825,244,-45,-45,241.441
19,4,29,2,nef,Node_1_709_2006_3650,2006,1973.64,962.871,2766.1
19,4,29,2,nef,Node_1_783_1087_1825,1087,1239.39,869.754,1711.31
19,4,29,2,nef,Node_1_784_1161_3650,1161,1585.84,1068.32,2139.13
19,4,29,2,nef,Node_1_821_2884_3650,2884,3270.64,2224.93,3650
19,4,29,2,nef,Node_1_860_2304_3650,2304,2145.65,1208.11,3327.42
19,4,29,2,nef,Node_1_877_550_3650,550,378.25,-45,822.147
19,4,29,2,nef,Node_1_909_2559_3650,2559,1894.22,864.811,3123.09
19,4,29,2,nef,Node_1_943_3570_3650,3570,3005.09,2059.44,3650
19,4,29,2,nef,Node_1_987_2895_3650,2895,2534.29,1957.18,3289.3
19,4,29,2,nef,Node_1_1052_1145_1825,1145,817.498,332.509,1271.02
19,4,29,2,nef,Node_1_1070_508_3650,508,150.655,-45,502.312
19,4,29,2,nef,Node_1_1215_204_1825,204,-45,-45,250.123
19,4,29,2,nef,Node_1_1226_752_1825,752,520.315,67.4251,1135.71
19,4,29,2,nef,Node_1_1229_776_1825,776,999.325,433.013,1582.58
19,4,30,2,nef,Node_1_90_75_3650,75,274.729,117.353,365
19,4,30,2,nef,Node_1_258_2409_3650,2409,3169.73,2380.73,3650
19,4,30,2,nef,Node_1_271_2156_3650,2156,2435.16,1625.32,3142.49
19,4,30,2,nef,Node_1_285_1461_3650,1461,1667.54,689.644,2634.83
19,4,30,2,nef,Node_1_294_1706_3650,1706,1339.53,630.808,2108
19,4,30,2,nef,Node_1_330_1373_1825,1373,1446.78,604.453,1825
19,4,30,2,nef,Node_1_369_2309_3650,2309,1864.02,941.446,2949.34
19,4,30,2,nef,Node_1_439_675_3650,675,717.809,70.9901,1387.19
19,4,30,2,nef,Node_1_458_1109_1825,1109,1208.41,465.12,1823.11
19,4,30,2,nef,Node_1_476_1290_3650,1290,1554.71,727.926,2505.88
19,4,30,2,nef,Node_1_556_429_1825,429,740.653,110.878,1182.02
19,4,30,2,nef,Node_1_579_1816_1825,1816,1825,1045.7,1825
19,4,30,2,nef,Node_1_583_3238_3650,3238,3543.34,3090.99,3650
19,4,30,2,nef,Node_1_595_1457_3650,1457,1818.69,1107.22,2732.71
19,4,30,2,nef,Node_1_633_638_3650,638,530.428,28.1696,976.146
19,4,30,2,nef,Node_1_635_244_1825,244,-45,-45,112.991
19,4,30,2,nef,Node_1_709_2006_3650,2006,1658.31,879.978,2622.29
19,4,30,2,nef,Node_1_783_1087_1825,1087,927.622,592.469,1095
19,4,30,2,nef,Node_1_784_1161_3650,1161,1127.1,580.293,1576.3
19,4,30,2,nef,Node_1_821_2884_3650,2884,3449.68,2506.82,3650
19,4,30,2,nef,Node_1_860_2304_3650,2304,3524.27,2354.94,3650
19,4,30,2,nef,Node_1_877_550_3650,550,404.383,-45,978.182
19,4,30,2,nef,Node_1_909_2559_3650,2559,2397.14,1412.71,3470.3
19,4,30,2,nef,Node_1_943_3570_3650,3570,3650,2630.6,3650
19,4,30,2,nef,Node_1_987_2895_3650,2895,2684.99,2118.88,3262.38
19,4,30,2,nef,Node_1_1052_1145_1825,1145,1203.36,749.558,1731.14
19,4,30,2,nef,Node_1_1070_508_3650,508,422.625,6.18982,949.855
19,4,30,2,nef,Node_1_1215_204_1825,204,222.082,-45,657.844
19,4,30,2,nef,Node_1_1226_752_1825,752,36.1372,-45,333.608
19,4,30,2,nef,Node_1_1229_776_1825,776,906.899,447.828,1176.37
