batch,rep,ali,sub,gene,nodeName,trueDate,nodeDate,lowCI,highCI
8,1,1,3,tat,Node_1_118_3221_3650,3221,2336.58,-45,3650
8,1,1,3,tat,Node_1_171_3322_3650,3322,-45,-45,3650
8,1,1,3,tat,Node_1_195_3484_3650,3484,3650,1325.45,3650
8,1,1,3,tat,Node_1_202_2975_3650,2975,1976.97,333.244,3650
8,1,1,3,tat,Node_1_217_3342_3650,3342,2555.16,1282.52,2555.16
8,1,1,3,tat,Node_1_233_537_3650,537,-27.4308,-45,914.215
8,1,1,3,tat,Node_1_234_347_3650,347,-27.4308,-45,914.215
8,1,1,3,tat,Node_1_251_360_3650,360,-45,-45,960.738
8,1,1,3,tat,Node_1_272_217_3650,217,-33.2044,-45,2430.36
8,1,1,3,tat,Node_1_296_1214_3650,1214,1273.81,-45,3650
8,1,1,3,tat,Node_1_342_1512_1825,1512,-45,-45,1825
8,1,1,3,tat,Node_1_581_3460_3650,3460,2638.71,59.9532,3650
8,1,1,3,tat,Node_1_639_1553_3650,1553,-45,-45,1576.49
8,1,1,3,tat,Node_1_647_237_1825,237,-45,-45,365
8,1,1,3,tat,Node_1_669_1013_1825,1013,-45,-45,1825
8,1,1,3,tat,Node_1_675_450_3650,450,-38.5097,-45,3005.35
8,1,1,3,tat,Node_1_681_825_1825,825,-45,-45,1825
8,1,1,3,tat,Node_1_760_1797_1825,1797,1291.73,-45,1825
8,1,1,3,tat,Node_1_878_800_3650,800,1298.13,-45,3650
8,1,1,3,tat,Node_1_912_2392_3650,2392,2920.16,1487.29,2920.16
8,1,1,3,tat,Node_1_1004_1544_3650,1544,2160.04,-45,3650
8,1,1,3,tat,Node_1_1012_1684_1825,1684,1095.16,28.0172,1095.16
8,1,1,3,tat,Node_1_1098_1106_1825,1106,-45,-45,1825
8,1,1,3,tat,Node_1_1117_1727_3650,1727,3650,-45,3650
8,1,1,3,tat,Node_1_1123_710_1825,710,-45,-45,1290.69
8,1,1,3,tat,Node_1_1176_3132_3650,3132,566.601,-45,3650
8,1,1,3,tat,Node_1_1209_3409_3650,3409,2142.15,729.709,2920
8,1,1,3,tat,Node_1_1212_3076_3650,3076,2920.16,1960.22,2920.16
8,1,1,3,tat,Node_1_1252_169_1825,169,-45,-45,365
8,1,1,3,tat,Node_1_1255_13_1825,13,-45,-45,1818.65
8,1,2,3,tat,Node_1_118_3221_3650,3221,1993.53,326.752,3650
8,1,2,3,tat,Node_1_171_3322_3650,3322,3650,-45,3650
8,1,2,3,tat,Node_1_195_3484_3650,3484,2814.5,89.5816,3650
8,1,2,3,tat,Node_1_202_2975_3650,2975,3650,1501.5,3650
8,1,2,3,tat,Node_1_217_3342_3650,3342,3650,578.256,3650
8,1,2,3,tat,Node_1_233_537_3650,537,-45,-45,1802.45
8,1,2,3,tat,Node_1_234_347_3650,347,705.104,-45,3285
8,1,2,3,tat,Node_1_251_360_3650,360,-45,-45,2683.66
8,1,2,3,tat,Node_1_272_217_3650,217,-45,-45,2138.05
8,1,2,3,tat,Node_1_296_1214_3650,1214,2338.77,-45,3650
8,1,2,3,tat,Node_1_342_1512_1825,1512,1328.4,-45,1825
8,1,2,3,tat,Node_1_581_3460_3650,3460,3650,84.3709,3650
8,1,2,3,tat,Node_1_639_1553_3650,1553,195.847,-45,365
8,1,2,3,tat,Node_1_647_237_1825,237,97.0391,-45,1549.93
8,1,2,3,tat,Node_1_669_1013_1825,1013,1825,108.584,1825
8,1,2,3,tat,Node_1_675_450_3650,450,-45,-45,2645.45
8,1,2,3,tat,Node_1_681_825_1825,825,1137.95,-45,1825
8,1,2,3,tat,Node_1_760_1797_1825,1797,1825,-45,1825
8,1,2,3,tat,Node_1_878_800_3650,800,1995.13,556.156,3285
8,1,2,3,tat,Node_1_912_2392_3650,2392,2920.16,1256.97,2920.16
8,1,2,3,tat,Node_1_1004_1544_3650,1544,-45,-45,1775.38
8,1,2,3,tat,Node_1_1012_1684_1825,1684,1650.96,420.889,1825
8,1,2,3,tat,Node_1_1098_1106_1825,1106,1825,-45,1825
8,1,2,3,tat,Node_1_1117_1727_3650,1727,1972.14,-45,3650
8,1,2,3,tat,Node_1_1123_710_1825,710,1102.29,-45,1825
8,1,2,3,tat,Node_1_1176_3132_3650,3132,1636.67,-45,3650
8,1,2,3,tat,Node_1_1209_3409_3650,3409,2913.48,577.951,3650
8,1,2,3,tat,Node_1_1212_3076_3650,3076,2288.65,893.561,2920
8,1,2,3,tat,Node_1_1252_169_1825,169,1480.12,-45,1825
8,1,2,3,tat,Node_1_1255_13_1825,13,-45,-45,1825
8,1,3,3,tat,Node_1_118_3221_3650,3221,3125.27,-22.953,3650
8,1,3,3,tat,Node_1_171_3322_3650,3322,2254.14,176.993,3650
8,1,3,3,tat,Node_1_195_3484_3650,3484,2095.97,402.721,3650
8,1,3,3,tat,Node_1_202_2975_3650,2975,1536.06,-45,3650
8,1,3,3,tat,Node_1_217_3342_3650,3342,2290.9,1270.5,2555
8,1,3,3,tat,Node_1_233_537_3650,537,1061.93,-45,3650
8,1,3,3,tat,Node_1_234_347_3650,347,235.667,-45,365
8,1,3,3,tat,Node_1_251_360_3650,360,426.415,-45,1907.96
8,1,3,3,tat,Node_1_272_217_3650,217,512.606,-45,1095
8,1,3,3,tat,Node_1_296_1214_3650,1214,238.437,-45,365
8,1,3,3,tat,Node_1_342_1512_1825,1512,1560.04,-45,1825
8,1,3,3,tat,Node_1_581_3460_3650,3460,3650,423.903,3650
8,1,3,3,tat,Node_1_639_1553_3650,1553,2736.74,666.621,3650
8,1,3,3,tat,Node_1_647_237_1825,237,-23.2536,-45,365
8,1,3,3,tat,Node_1_669_1013_1825,1013,1301.41,-45,1825
8,1,3,3,tat,Node_1_675_450_3650,450,106.207,-45,365
8,1,3,3,tat,Node_1_681_825_1825,825,834.973,-45,1460
8,1,3,3,tat,Node_1_760_1797_1825,1797,1825,-45,1825
8,1,3,3,tat,Node_1_878_800_3650,800,693.699,-45,1460
8,1,3,3,tat,Node_1_912_2392_3650,2392,3650,1730.83,3650
8,1,3,3,tat,Node_1_1004_1544_3650,1544,-45,-45,821.25
8,1,3,3,tat,Node_1_1012_1684_1825,1684,1290.01,142.795,1825
8,1,3,3,tat,Node_1_1098_1106_1825,1106,-45,-45,936.515
8,1,3,3,tat,Node_1_1117_1727_3650,1727,878.547,-45,3404.85
8,1,3,3,tat,Node_1_1123_710_1825,710,-23.6451,-45,1208.21
8,1,3,3,tat,Node_1_1176_3132_3650,3132,3330.81,1163.49,3650
8,1,3,3,tat,Node_1_1209_3409_3650,3409,3650,2095.5,3650
8,1,3,3,tat,Node_1_1212_3076_3650,3076,2920.13,1993.11,2920.13
8,1,3,3,tat,Node_1_1252_169_1825,169,-7.80648,-45,365
8,1,3,3,tat,Node_1_1255_13_1825,13,-45,-45,1505.49
8,1,4,3,tat,Node_1_118_3221_3650,3221,3650,182.196,3650
8,1,4,3,tat,Node_1_171_3322_3650,3322,3650,284.905,3650
8,1,4,3,tat,Node_1_195_3484_3650,3484,3650,176.495,3650
8,1,4,3,tat,Node_1_202_2975_3650,2975,2555.14,1078.79,2555.14
8,1,4,3,tat,Node_1_217_3342_3650,3342,1890.92,990.336,2555
8,1,4,3,tat,Node_1_233_537_3650,537,105.822,-45,1730.58
8,1,4,3,tat,Node_1_234_347_3650,347,245.062,-45,730
8,1,4,3,tat,Node_1_251_360_3650,360,-45,-45,1532.45
8,1,4,3,tat,Node_1_272_217_3650,217,-45,-45,1277.5
8,1,4,3,tat,Node_1_296_1214_3650,1214,730.145,-45,730.145
8,1,4,3,tat,Node_1_342_1512_1825,1512,528.24,-45,1825
8,1,4,3,tat,Node_1_581_3460_3650,3460,3650,669.264,3650
8,1,4,3,tat,Node_1_639_1553_3650,1553,1383.68,-45,3395.2
8,1,4,3,tat,Node_1_647_237_1825,237,-45,-45,969.245
8,1,4,3,tat,Node_1_669_1013_1825,1013,405.133,-45,1825
8,1,4,3,tat,Node_1_675_450_3650,450,3650,936.018,3650
8,1,4,3,tat,Node_1_681_825_1825,825,-45,-45,941.322
8,1,4,3,tat,Node_1_760_1797_1825,1797,1825,-45,1825
8,1,4,3,tat,Node_1_878_800_3650,800,-45,-45,2503.95
8,1,4,3,tat,Node_1_912_2392_3650,2392,2013.7,703.369,2920
8,1,4,3,tat,Node_1_1004_1544_3650,1544,2000.53,-45,3650
8,1,4,3,tat,Node_1_1012_1684_1825,1684,1460.14,612.978,1825
8,1,4,3,tat,Node_1_1098_1106_1825,1106,961.472,-45,1825
8,1,4,3,tat,Node_1_1117_1727_3650,1727,3650,797.142,3650
8,1,4,3,tat,Node_1_1123_710_1825,710,-45,-45,1067.38
8,1,4,3,tat,Node_1_1176_3132_3650,3132,1674.95,-45,3186.92
8,1,4,3,tat,Node_1_1209_3409_3650,3409,365.145,-45,365.145
8,1,4,3,tat,Node_1_1212_3076_3650,3076,2920.14,1814.55,2920.14
8,1,4,3,tat,Node_1_1252_169_1825,169,365.145,-45,365.145
8,1,4,3,tat,Node_1_1255_13_1825,13,-45,-45,1686.4
8,1,5,3,tat,Node_1_118_3221_3650,3221,3650,409.409,3650
8,1,5,3,tat,Node_1_171_3322_3650,3322,1633.85,-45,3650
8,1,5,3,tat,Node_1_195_3484_3650,3484,2514.67,45.8514,3650
8,1,5,3,tat,Node_1_202_2975_3650,2975,25.9652,-45,306.567
8,1,5,3,tat,Node_1_217_3342_3650,3342,509.947,-45,1095
8,1,5,3,tat,Node_1_233_537_3650,537,1054.16,-45,3041.1
8,1,5,3,tat,Node_1_234_347_3650,347,2007.64,40.5203,3287
8,1,5,3,tat,Node_1_251_360_3650,360,1053.75,-45,3650
8,1,5,3,tat,Node_1_272_217_3650,217,365.136,-45,365.136
8,1,5,3,tat,Node_1_296_1214_3650,1214,3540.1,2033.91,3650
8,1,5,3,tat,Node_1_342_1512_1825,1512,791.195,61.2746,1825
8,1,5,3,tat,Node_1_581_3460_3650,3460,3650,293.631,3650
8,1,5,3,tat,Node_1_639_1553_3650,1553,3650,1295.63,3650
8,1,5,3,tat,Node_1_647_237_1825,237,1410.02,985.065,1460
8,1,5,3,tat,Node_1_669_1013_1825,1013,-45,-45,1421.7
8,1,5,3,tat,Node_1_675_450_3650,450,488.975,-45,3218.53
8,1,5,3,tat,Node_1_681_825_1825,825,-45,-45,1721.76
8,1,5,3,tat,Node_1_760_1797_1825,1797,1470.97,3.36449,1825
8,1,5,3,tat,Node_1_878_800_3650,800,2106.8,-45,3650
8,1,5,3,tat,Node_1_912_2392_3650,2392,-45,-45,1350.75
8,1,5,3,tat,Node_1_1004_1544_3650,1544,2971.7,516.485,3650
8,1,5,3,tat,Node_1_1012_1684_1825,1684,1825,1322.18,1825
8,1,5,3,tat,Node_1_1098_1106_1825,1106,682.941,-45,1460
8,1,5,3,tat,Node_1_1117_1727_3650,1727,1621.54,-45,3650
8,1,5,3,tat,Node_1_1123_710_1825,710,-45,-45,1825
8,1,5,3,tat,Node_1_1176_3132_3650,3132,3650,1472.59,3650
8,1,5,3,tat,Node_1_1209_3409_3650,3409,1626.97,-45,3650
8,1,5,3,tat,Node_1_1212_3076_3650,3076,2557.25,1501.77,2920
8,1,5,3,tat,Node_1_1252_169_1825,169,464.287,-45,730
8,1,5,3,tat,Node_1_1255_13_1825,13,25.9652,-45,306.567
8,1,6,3,tat,Node_1_118_3221_3650,3221,2500.04,328.933,3650
8,1,6,3,tat,Node_1_171_3322_3650,3322,2277.32,263.082,3650
8,1,6,3,tat,Node_1_195_3484_3650,3484,839.089,-45,2564.79
8,1,6,3,tat,Node_1_202_2975_3650,2975,2510.26,664.448,3650
8,1,6,3,tat,Node_1_217_3342_3650,3342,3425.27,1967.11,3650
8,1,6,3,tat,Node_1_233_537_3650,537,1790.4,964.318,1825
8,1,6,3,tat,Node_1_234_347_3650,347,730.114,22.1503,730.114
8,1,6,3,tat,Node_1_251_360_3650,360,-29.696,-45,109.777
8,1,6,3,tat,Node_1_272_217_3650,217,349.414,-45,746.794
8,1,6,3,tat,Node_1_296_1214_3650,1214,3380.91,824.331,3650
8,1,6,3,tat,Node_1_342_1512_1825,1512,1825,448.541,1825
8,1,6,3,tat,Node_1_581_3460_3650,3460,1758.25,-45,3650
8,1,6,3,tat,Node_1_639_1553_3650,1553,698.835,-45,2114.1
8,1,6,3,tat,Node_1_647_237_1825,237,-29.696,-45,109.777
8,1,6,3,tat,Node_1_669_1013_1825,1013,634.701,-3.80385,730
8,1,6,3,tat,Node_1_675_450_3650,450,-29.696,-45,109.777
8,1,6,3,tat,Node_1_681_825_1825,825,-29.696,-45,109.777
8,1,6,3,tat,Node_1_760_1797_1825,1797,1825,78.7515,1825
8,1,6,3,tat,Node_1_878_800_3650,800,-29.696,-45,109.777
8,1,6,3,tat,Node_1_912_2392_3650,2392,2920.11,1819.71,2920.11
8,1,6,3,tat,Node_1_1004_1544_3650,1544,838.064,-45,2660.45
8,1,6,3,tat,Node_1_1012_1684_1825,1684,1825,1317.43,1825
8,1,6,3,tat,Node_1_1098_1106_1825,1106,167.709,-45,365
8,1,6,3,tat,Node_1_1117_1727_3650,1727,-29.696,-45,109.777
8,1,6,3,tat,Node_1_1123_710_1825,710,1825,-45,1825
8,1,6,3,tat,Node_1_1176_3132_3650,3132,3417.34,725.635,3650
8,1,6,3,tat,Node_1_1209_3409_3650,3409,2807.99,1494.75,3650
8,1,6,3,tat,Node_1_1212_3076_3650,3076,2426.01,1532.27,2920
8,1,6,3,tat,Node_1_1252_169_1825,169,-29.696,-45,109.777
8,1,6,3,tat,Node_1_1255_13_1825,13,843.288,114.786,1646.59
8,1,7,3,tat,Node_1_118_3221_3650,3221,730.883,-45,3258.06
8,1,7,3,tat,Node_1_171_3322_3650,3322,3188.89,590.978,3650
8,1,7,3,tat,Node_1_195_3484_3650,3484,2414.05,-45,3650
8,1,7,3,tat,Node_1_202_2975_3650,2975,3257.78,1037.08,3650
8,1,7,3,tat,Node_1_217_3342_3650,3342,3650,607.875,3650
8,1,7,3,tat,Node_1_233_537_3650,537,1886.8,-45,3650
8,1,7,3,tat,Node_1_234_347_3650,347,963.857,416.834,1095
8,1,7,3,tat,Node_1_251_360_3650,360,1277.63,168.083,2190
8,1,7,3,tat,Node_1_272_217_3650,217,-45,-45,1421.87
8,1,7,3,tat,Node_1_296_1214_3650,1214,3536.25,365,3650
8,1,7,3,tat,Node_1_342_1512_1825,1512,200.161,-45,365
8,1,7,3,tat,Node_1_581_3460_3650,3460,533.337,-45,1095
8,1,7,3,tat,Node_1_639_1553_3650,1553,2309.22,796.587,3650
8,1,7,3,tat,Node_1_647_237_1825,237,433.589,-45,1825
8,1,7,3,tat,Node_1_669_1013_1825,1013,-45,-45,936.06
8,1,7,3,tat,Node_1_675_450_3650,450,200.161,-45,365
8,1,7,3,tat,Node_1_681_825_1825,825,58.6057,-45,1605.73
8,1,7,3,tat,Node_1_760_1797_1825,1797,1825,-45,1825
8,1,7,3,tat,Node_1_878_800_3650,800,354.643,-45,1095
8,1,7,3,tat,Node_1_912_2392_3650,2392,3650,1814.69,3650
8,1,7,3,tat,Node_1_1004_1544_3650,1544,1131.42,217.801,1825
8,1,7,3,tat,Node_1_1012_1684_1825,1684,1095.13,161.332,1095.13
8,1,7,3,tat,Node_1_1098_1106_1825,1106,35.3869,-45,365
8,1,7,3,tat,Node_1_1117_1727_3650,1727,1609.71,261.255,2869.06
8,1,7,3,tat,Node_1_1123_710_1825,710,35.3869,-45,365
8,1,7,3,tat,Node_1_1176_3132_3650,3132,2908.61,1012.02,3650
8,1,7,3,tat,Node_1_1209_3409_3650,3409,3557.84,1885.58,3650
8,1,7,3,tat,Node_1_1212_3076_3650,3076,3650,2210.15,3650
8,1,7,3,tat,Node_1_1252_169_1825,169,302.389,-45,730
8,1,7,3,tat,Node_1_1255_13_1825,13,-45,-45,1502.91
8,1,8,3,tat,Node_1_118_3221_3650,3221,3650,1260.79,3650
8,1,8,3,tat,Node_1_171_3322_3650,3322,3650,796.301,3650
8,1,8,3,tat,Node_1_195_3484_3650,3484,2288.43,667.121,3650
8,1,8,3,tat,Node_1_202_2975_3650,2975,1079.15,35.1675,2179.71
8,1,8,3,tat,Node_1_217_3342_3650,3342,1979.69,-45,3605.5
8,1,8,3,tat,Node_1_233_537_3650,537,866.952,356.496,1095
8,1,8,3,tat,Node_1_234_347_3650,347,1.15828,-45,167.535
8,1,8,3,tat,Node_1_251_360_3650,360,684.452,272.214,730
8,1,8,3,tat,Node_1_272_217_3650,217,1.15828,-45,167.535
8,1,8,3,tat,Node_1_296_1214_3650,1214,-45,-45,1900.53
8,1,8,3,tat,Node_1_342_1512_1825,1512,1825,189.622,1825
8,1,8,3,tat,Node_1_581_3460_3650,3460,3650,893.578,3650
8,1,8,3,tat,Node_1_639_1553_3650,1553,1120.54,-45,2670.97
8,1,8,3,tat,Node_1_647_237_1825,237,196.854,-45,744.581
8,1,8,3,tat,Node_1_669_1013_1825,1013,87.1444,-45,720.06
8,1,8,3,tat,Node_1_675_450_3650,450,1456.35,-45,3325.27
8,1,8,3,tat,Node_1_681_825_1825,825,1113.32,-45,1825
8,1,8,3,tat,Node_1_760_1797_1825,1797,365.102,-45,365.102
8,1,8,3,tat,Node_1_878_800_3650,800,1076.04,-45,1825
8,1,8,3,tat,Node_1_912_2392_3650,2392,2818.62,795.519,3650
8,1,8,3,tat,Node_1_1004_1544_3650,1544,3650,422.304,3650
8,1,8,3,tat,Node_1_1012_1684_1825,1684,87.1444,-45,720.06
8,1,8,3,tat,Node_1_1098_1106_1825,1106,1825,125.048,1825
8,1,8,3,tat,Node_1_1117_1727_3650,1727,945.742,-45,2269.9
8,1,8,3,tat,Node_1_1123_710_1825,710,153.094,-45,365
8,1,8,3,tat,Node_1_1176_3132_3650,3132,2616.26,110.047,3650
8,1,8,3,tat,Node_1_1209_3409_3650,3409,3650,2211.81,3650
8,1,8,3,tat,Node_1_1212_3076_3650,3076,3255.47,1440.93,3650
8,1,8,3,tat,Node_1_1252_169_1825,169,793.601,-45,1825
8,1,8,3,tat,Node_1_1255_13_1825,13,0.953434,-45,167.535
8,1,9,3,tat,Node_1_118_3221_3650,3221,3650,246.727,3650
8,1,9,3,tat,Node_1_171_3322_3650,3322,3585.07,342.553,3650
8,1,9,3,tat,Node_1_195_3484_3650,3484,3650,764.889,3650
8,1,9,3,tat,Node_1_202_2975_3650,2975,1685.04,723.547,2555
8,1,9,3,tat,Node_1_217_3342_3650,3342,3160.76,1735.14,3650
8,1,9,3,tat,Node_1_233_537_3650,537,365.134,-45,365.134
8,1,9,3,tat,Node_1_234_347_3650,347,111.744,-45,730
8,1,9,3,tat,Node_1_251_360_3650,360,-45,-45,807.641
8,1,9,3,tat,Node_1_272_217_3650,217,-45,-45,738.633
8,1,9,3,tat,Node_1_296_1214_3650,1214,277.877,-45,730
8,1,9,3,tat,Node_1_342_1512_1825,1512,1026.42,-45,1825
8,1,9,3,tat,Node_1_581_3460_3650,3460,3650,1009.72,3650
8,1,9,3,tat,Node_1_639_1553_3650,1553,-45,-45,1127.22
8,1,9,3,tat,Node_1_647_237_1825,237,95.5108,-45,365
8,1,9,3,tat,Node_1_669_1013_1825,1013,1825,-45,1825
8,1,9,3,tat,Node_1_675_450_3650,450,1084.38,-45,2847.93
8,1,9,3,tat,Node_1_681_825_1825,825,626.248,-45,1825
8,1,9,3,tat,Node_1_760_1797_1825,1797,1825,-45,1825
8,1,9,3,tat,Node_1_878_800_3650,800,420.939,-45,730
8,1,9,3,tat,Node_1_912_2392_3650,2392,2011.03,417.621,2920
8,1,9,3,tat,Node_1_1004_1544_3650,1544,3053.64,442.474,3650
8,1,9,3,tat,Node_1_1012_1684_1825,1684,-45,-45,793.361
8,1,9,3,tat,Node_1_1098_1106_1825,1106,339.08,-45,1736.47
8,1,9,3,tat,Node_1_1117_1727_3650,1727,1913.27,143.261,3650
8,1,9,3,tat,Node_1_1123_710_1825,710,-45,-45,1014.53
8,1,9,3,tat,Node_1_1176_3132_3650,3132,3650,1228.85,3650
8,1,9,3,tat,Node_1_1209_3409_3650,3409,2976.68,940.105,3650
8,1,9,3,tat,Node_1_1212_3076_3650,3076,2920.13,2129.88,2920.13
8,1,9,3,tat,Node_1_1252_169_1825,169,95.5108,-45,365
8,1,9,3,tat,Node_1_1255_13_1825,13,547.634,33.3692,730
8,1,10,3,tat,Node_1_118_3221_3650,3221,627.717,-45,1426.7
8,1,10,3,tat,Node_1_171_3322_3650,3322,1095.12,552.698,1095.12
8,1,10,3,tat,Node_1_195_3484_3650,3484,3650,947.365,3650
8,1,10,3,tat,Node_1_202_2975_3650,2975,627.717,-45,1426.7
8,1,10,3,tat,Node_1_217_3342_3650,3342,3278.19,1200.9,3650
8,1,10,3,tat,Node_1_233_537_3650,537,829.384,-45,1460
8,1,10,3,tat,Node_1_234_347_3650,347,-45,-45,862.956
8,1,10,3,tat,Node_1_251_360_3650,360,1180.06,-45,2190
8,1,10,3,tat,Node_1_272_217_3650,217,198.647,-45,365
8,1,10,3,tat,Node_1_296_1214_3650,1214,2247.03,83.793,3650
8,1,10,3,tat,Node_1_342_1512_1825,1512,1825,95.4314,1825
8,1,10,3,tat,Node_1_581_3460_3650,3460,3087.01,74.213,3650
8,1,10,3,tat,Node_1_639_1553_3650,1553,948.223,-45,2792.73
8,1,10,3,tat,Node_1_647_237_1825,237,365.122,-45,365.122
8,1,10,3,tat,Node_1_669_1013_1825,1013,972.485,-45,1825
8,1,10,3,tat,Node_1_675_450_3650,450,975.038,-45,3650
8,1,10,3,tat,Node_1_681_825_1825,825,198.647,-45,365
8,1,10,3,tat,Node_1_760_1797_1825,1797,-45,-45,1473.81
8,1,10,3,tat,Node_1_878_800_3650,800,1239.74,-45,3248.12
8,1,10,3,tat,Node_1_912_2392_3650,2392,2276.47,868.395,2920
8,1,10,3,tat,Node_1_1004_1544_3650,1544,1239.74,-45,3650
8,1,10,3,tat,Node_1_1012_1684_1825,1684,1244.7,-45,1825
8,1,10,3,tat,Node_1_1098_1106_1825,1106,1458.5,-45,1825
8,1,10,3,tat,Node_1_1117_1727_3650,1727,198.647,-45,365
8,1,10,3,tat,Node_1_1123_710_1825,710,281.884,-45,365
8,1,10,3,tat,Node_1_1176_3132_3650,3132,-45,-45,269.385
8,1,10,3,tat,Node_1_1209_3409_3650,3409,2334.19,740.995,3285
8,1,10,3,tat,Node_1_1212_3076_3650,3076,3650,1917.77,3650
8,1,10,3,tat,Node_1_1252_169_1825,169,547.622,-22.2831,730
8,1,10,3,tat,Node_1_1255_13_1825,13,-45,-45,1516.21
8,1,11,3,tat,Node_1_118_3221_3650,3221,1974.36,-45,3650
8,1,11,3,tat,Node_1_171_3322_3650,3322,1211.23,-45,3650
8,1,11,3,tat,Node_1_195_3484_3650,3484,3650,-2.07629,3650
8,1,11,3,tat,Node_1_202_2975_3650,2975,3650,1945.73,3650
8,1,11,3,tat,Node_1_217_3342_3650,3342,3650,622.459,3650
8,1,11,3,tat,Node_1_233_537_3650,537,811.788,-45,3481.16
8,1,11,3,tat,Node_1_234_347_3650,347,811.788,-45,3481.16
8,1,11,3,tat,Node_1_251_360_3650,360,1460.16,-45,2555
8,1,11,3,tat,Node_1_272_217_3650,217,-45,-45,1721.56
8,1,11,3,tat,Node_1_296_1214_3650,1214,1321.46,-45,3650
8,1,11,3,tat,Node_1_342_1512_1825,1512,643.172,-45,1095
8,1,11,3,tat,Node_1_581_3460_3650,3460,3650,386.408,3650
8,1,11,3,tat,Node_1_639_1553_3650,1553,71.8808,-45,365
8,1,11,3,tat,Node_1_647_237_1825,237,401.019,-45,730
8,1,11,3,tat,Node_1_669_1013_1825,1013,1825,42.061,1825
8,1,11,3,tat,Node_1_675_450_3650,450,720.055,-45,1460
8,1,11,3,tat,Node_1_681_825_1825,825,1168.61,-45,1825
8,1,11,3,tat,Node_1_760_1797_1825,1797,1825,-45,1825
8,1,11,3,tat,Node_1_878_800_3650,800,-45,-45,1825
8,1,11,3,tat,Node_1_912_2392_3650,2392,838.341,-45,2555
8,1,11,3,tat,Node_1_1004_1544_3650,1544,2496.63,-45,3650
8,1,11,3,tat,Node_1_1012_1684_1825,1684,1825,213.411,1825
8,1,11,3,tat,Node_1_1098_1106_1825,1106,-45,-45,1825
8,1,11,3,tat,Node_1_1117_1727_3650,1727,1460.16,34.3696,1460.16
8,1,11,3,tat,Node_1_1123_710_1825,710,-45,-45,1241.99
8,1,11,3,tat,Node_1_1176_3132_3650,3132,2859.63,205.55,3650
8,1,11,3,tat,Node_1_1209_3409_3650,3409,1460.16,34.3696,1460.16
8,1,11,3,tat,Node_1_1212_3076_3650,3076,451.655,-45,1460
8,1,11,3,tat,Node_1_1252_169_1825,169,-45,-45,1528.1
8,1,11,3,tat,Node_1_1255_13_1825,13,525.471,-45,730
8,1,12,3,tat,Node_1_118_3221_3650,3221,1060.45,-45,3650
8,1,12,3,tat,Node_1_171_3322_3650,3322,3650,-45,3650
8,1,12,3,tat,Node_1_195_3484_3650,3484,2090.45,-45,3650
8,1,12,3,tat,Node_1_202_2975_3650,2975,1167.28,-45,3650
8,1,12,3,tat,Node_1_217_3342_3650,3342,3650,716.013,3650
8,1,12,3,tat,Node_1_233_537_3650,537,-45,-45,1291.98
8,1,12,3,tat,Node_1_234_347_3650,347,217.533,-45,1079.55
8,1,12,3,tat,Node_1_251_360_3650,360,-45,-45,2679.18
8,1,12,3,tat,Node_1_272_217_3650,217,-45,-45,1345.64
8,1,12,3,tat,Node_1_296_1214_3650,1214,-45,-45,1513.38
8,1,12,3,tat,Node_1_342_1512_1825,1512,1151.34,-45,1690.32
8,1,12,3,tat,Node_1_581_3460_3650,3460,3650,-45,3650
8,1,12,3,tat,Node_1_639_1553_3650,1553,1644.84,-45,3284.28
8,1,12,3,tat,Node_1_647_237_1825,237,878.099,-45,1825
8,1,12,3,tat,Node_1_669_1013_1825,1013,1151.34,-45,1690.32
8,1,12,3,tat,Node_1_675_450_3650,450,-45,-45,1490.7
8,1,12,3,tat,Node_1_681_825_1825,825,1825,365,1825
8,1,12,3,tat,Node_1_760_1797_1825,1797,1317.85,-45,1825
8,1,12,3,tat,Node_1_878_800_3650,800,365.162,-45,365.162
8,1,12,3,tat,Node_1_912_2392_3650,2392,-45,-45,2223.28
8,1,12,3,tat,Node_1_1004_1544_3650,1544,863.278,-45,1825
8,1,12,3,tat,Node_1_1012_1684_1825,1684,1825,701.151,1825
8,1,12,3,tat,Node_1_1098_1106_1825,1106,912.92,-45,1825
8,1,12,3,tat,Node_1_1117_1727_3650,1727,3650,612.907,3650
8,1,12,3,tat,Node_1_1123_710_1825,710,1390.61,-45,1825
8,1,12,3,tat,Node_1_1176_3132_3650,3132,3650,-45,3650
8,1,12,3,tat,Node_1_1209_3409_3650,3409,1074.19,-45,2955.24
8,1,12,3,tat,Node_1_1212_3076_3650,3076,-45,-45,1704.59
8,1,12,3,tat,Node_1_1252_169_1825,169,1586.2,-45,1825
8,1,12,3,tat,Node_1_1255_13_1825,13,-45,-45,1135.61
8,1,13,3,tat,Node_1_118_3221_3650,3221,954.792,-45,2608.06
8,1,13,3,tat,Node_1_171_3322_3650,3322,1521.79,105.677,3650
8,1,13,3,tat,Node_1_195_3484_3650,3484,3650,1272.22,3650
8,1,13,3,tat,Node_1_202_2975_3650,2975,2655.89,1535.96,3285
8,1,13,3,tat,Node_1_217_3342_3650,3342,1628.73,369.645,3650
8,1,13,3,tat,Node_1_233_537_3650,537,-45,-45,1144.82
8,1,13,3,tat,Node_1_234_347_3650,347,135.491,-45,365
8,1,13,3,tat,Node_1_251_360_3650,360,632.308,-28.9512,1095
8,1,13,3,tat,Node_1_272_217_3650,217,1197.88,152.678,1974.18
8,1,13,3,tat,Node_1_296_1214_3650,1214,1830.51,229.975,2981.35
8,1,13,3,tat,Node_1_342_1512_1825,1512,1825,-45,1825
8,1,13,3,tat,Node_1_581_3460_3650,3460,3650,730,3650
8,1,13,3,tat,Node_1_639_1553_3650,1553,1264.37,455.356,1825
8,1,13,3,tat,Node_1_647_237_1825,237,678.744,-45,1761.52
8,1,13,3,tat,Node_1_669_1013_1825,1013,167.147,-45,932.113
8,1,13,3,tat,Node_1_675_450_3650,450,111.936,-45,255.975
8,1,13,3,tat,Node_1_681_825_1825,825,-45,-45,1825
8,1,13,3,tat,Node_1_760_1797_1825,1797,205.33,-45,664.468
8,1,13,3,tat,Node_1_878_800_3650,800,678.128,60.2098,1579.04
8,1,13,3,tat,Node_1_912_2392_3650,2392,2920.11,1558.17,2920.11
8,1,13,3,tat,Node_1_1004_1544_3650,1544,2205.18,400.494,3650
8,1,13,3,tat,Node_1_1012_1684_1825,1684,987.505,-4.75879,1749.2
8,1,13,3,tat,Node_1_1098_1106_1825,1106,1825,-45,1825
8,1,13,3,tat,Node_1_1117_1727_3650,1727,365.11,-45,365.11
8,1,13,3,tat,Node_1_1123_710_1825,710,987.505,-4.75879,1749.2
8,1,13,3,tat,Node_1_1176_3132_3650,3132,3650,1855.1,3650
8,1,13,3,tat,Node_1_1209_3409_3650,3409,3551.83,2158.61,3650
8,1,13,3,tat,Node_1_1212_3076_3650,3076,2524.21,1485.33,2920
8,1,13,3,tat,Node_1_1252_169_1825,169,950.124,-45,1825
8,1,13,3,tat,Node_1_1255_13_1825,13,-45,-45,1416.92
8,1,14,3,tat,Node_1_118_3221_3650,3221,2452.94,703.174,3650
8,1,14,3,tat,Node_1_171_3322_3650,3322,3001.19,1017.36,3650
8,1,14,3,tat,Node_1_195_3484_3650,3484,3650,160.491,3650
8,1,14,3,tat,Node_1_202_2975_3650,2975,1025.35,-45,1825
8,1,14,3,tat,Node_1_217_3342_3650,3342,3650,138.745,3650
8,1,14,3,tat,Node_1_233_537_3650,537,941.056,-45,3650
8,1,14,3,tat,Node_1_234_347_3650,347,941.056,-45,3650
8,1,14,3,tat,Node_1_251_360_3650,360,292.544,-45,365
8,1,14,3,tat,Node_1_272_217_3650,217,1196.73,454.384,1460
8,1,14,3,tat,Node_1_296_1214_3650,1214,837.693,-45,2206.93
8,1,14,3,tat,Node_1_342_1512_1825,1512,1366.09,-45,1825
8,1,14,3,tat,Node_1_581_3460_3650,3460,3650,347.011,3650
8,1,14,3,tat,Node_1_639_1553_3650,1553,1196.73,454.384,1460
8,1,14,3,tat,Node_1_647_237_1825,237,2.34873,-45,242.313
8,1,14,3,tat,Node_1_669_1013_1825,1013,837.507,-45,1825
8,1,14,3,tat,Node_1_675_450_3650,450,275.036,-45,730
8,1,14,3,tat,Node_1_681_825_1825,825,1418.62,62.4151,1825
8,1,14,3,tat,Node_1_760_1797_1825,1797,1303.83,-45,1825
8,1,14,3,tat,Node_1_878_800_3650,800,914.664,-45,1825
8,1,14,3,tat,Node_1_912_2392_3650,2392,31.3547,-45,538.921
8,1,14,3,tat,Node_1_1004_1544_3650,1544,1245.33,-45,3230.82
8,1,14,3,tat,Node_1_1012_1684_1825,1684,1825,859.718,1825
8,1,14,3,tat,Node_1_1098_1106_1825,1106,1825,-45,1825
8,1,14,3,tat,Node_1_1117_1727_3650,1727,1938.71,-45,3650
8,1,14,3,tat,Node_1_1123_710_1825,710,979.106,-45,1825
8,1,14,3,tat,Node_1_1176_3132_3650,3132,889.845,-45,1800.91
8,1,14,3,tat,Node_1_1209_3409_3650,3409,1620.12,516.127,2510.31
8,1,14,3,tat,Node_1_1212_3076_3650,3076,2277.23,1269.86,2920
8,1,14,3,tat,Node_1_1252_169_1825,169,933.094,255.286,1460
8,1,14,3,tat,Node_1_1255_13_1825,13,2.34873,-45,242.313
8,1,15,3,tat,Node_1_118_3221_3650,3221,2114.48,-45,3650
8,1,15,3,tat,Node_1_171_3322_3650,3322,3454.06,-45,3650
8,1,15,3,tat,Node_1_195_3484_3650,3484,3650,-45,3650
8,1,15,3,tat,Node_1_202_2975_3650,2975,364.2,-45,1861.94
8,1,15,3,tat,Node_1_217_3342_3650,3342,2960.84,342.208,3650
8,1,15,3,tat,Node_1_233_537_3650,537,361.608,189.644,365
8,1,15,3,tat,Node_1_234_347_3650,347,354.526,-45,365
8,1,15,3,tat,Node_1_251_360_3650,360,-45,-45,908.845
8,1,15,3,tat,Node_1_272_217_3650,217,-45,-45,1798.94
8,1,15,3,tat,Node_1_296_1214_3650,1214,286.685,-45,365
8,1,15,3,tat,Node_1_342_1512_1825,1512,1825,-45,1825
8,1,15,3,tat,Node_1_581_3460_3650,3460,3650,212.305,3650
8,1,15,3,tat,Node_1_639_1553_3650,1553,2957.67,1550.94,3650
8,1,15,3,tat,Node_1_647_237_1825,237,358.067,4.20019,365
8,1,15,3,tat,Node_1_669_1013_1825,1013,835.323,-45,1825
8,1,15,3,tat,Node_1_675_450_3650,450,987.644,-45,3650
8,1,15,3,tat,Node_1_681_825_1825,825,-45,-45,1696.2
8,1,15,3,tat,Node_1_760_1797_1825,1797,1825,-45,1825
8,1,15,3,tat,Node_1_878_800_3650,800,251.351,-45,365
8,1,15,3,tat,Node_1_912_2392_3650,2392,2920.15,1595.18,2920.15
8,1,15,3,tat,Node_1_1004_1544_3650,1544,520.892,-45,1460
8,1,15,3,tat,Node_1_1012_1684_1825,1684,1367.57,629.041,1825
8,1,15,3,tat,Node_1_1098_1106_1825,1106,1376.2,-45,1825
8,1,15,3,tat,Node_1_1117_1727_3650,1727,924.151,-45,3013.43
8,1,15,3,tat,Node_1_1123_710_1825,710,1825,-45,1825
8,1,15,3,tat,Node_1_1176_3132_3650,3132,3650,106.329,3650
8,1,15,3,tat,Node_1_1209_3409_3650,3409,-45,-45,2667.85
8,1,15,3,tat,Node_1_1212_3076_3650,3076,-45,-45,1772.3
8,1,15,3,tat,Node_1_1252_169_1825,169,730.149,-45,730.149
8,1,15,3,tat,Node_1_1255_13_1825,13,1277.65,-45,1825
8,1,16,3,tat,Node_1_118_3221_3650,3221,3650,529.272,3650
8,1,16,3,tat,Node_1_171_3322_3650,3322,2571.83,-45,3650
8,1,16,3,tat,Node_1_195_3484_3650,3484,2604.02,-45,3650
8,1,16,3,tat,Node_1_202_2975_3650,2975,3287.36,1067.12,3650
8,1,16,3,tat,Node_1_217_3342_3650,3342,587.751,-45,2252.92
8,1,16,3,tat,Node_1_233_537_3650,537,34.4834,-45,361.585
8,1,16,3,tat,Node_1_234_347_3650,347,962.565,-45,2111.03
8,1,16,3,tat,Node_1_251_360_3650,360,82.1253,-45,365
8,1,16,3,tat,Node_1_272_217_3650,217,956.793,-45,2669.39
8,1,16,3,tat,Node_1_296_1214_3650,1214,800.073,76.4134,1559.84
8,1,16,3,tat,Node_1_342_1512_1825,1512,1185.24,-45,1825
8,1,16,3,tat,Node_1_581_3460_3650,3460,3650,1078.67,3650
8,1,16,3,tat,Node_1_639_1553_3650,1553,1791.09,42.8361,3319.56
8,1,16,3,tat,Node_1_647_237_1825,237,622.584,111.073,730
8,1,16,3,tat,Node_1_669_1013_1825,1013,1825,251.198,1825
8,1,16,3,tat,Node_1_675_450_3650,450,3650,1012.86,3650
8,1,16,3,tat,Node_1_681_825_1825,825,1623.63,-45,1825
8,1,16,3,tat,Node_1_760_1797_1825,1797,365.113,-45,365.113
8,1,16,3,tat,Node_1_878_800_3650,800,1968.73,285.372,3650
8,1,16,3,tat,Node_1_912_2392_3650,2392,2493.06,271.21,3650
8,1,16,3,tat,Node_1_1004_1544_3650,1544,2754.07,1053.74,3650
8,1,16,3,tat,Node_1_1012_1684_1825,1684,1825,-45,1825
8,1,16,3,tat,Node_1_1098_1106_1825,1106,705.25,-45,1825
8,1,16,3,tat,Node_1_1117_1727_3650,1727,1939.28,108.42,3650
8,1,16,3,tat,Node_1_1123_710_1825,710,82.1253,-45,365
8,1,16,3,tat,Node_1_1176_3132_3650,3132,3576.96,1851.34,3650
8,1,16,3,tat,Node_1_1209_3409_3650,3409,3332.48,901.906,3650
8,1,16,3,tat,Node_1_1212_3076_3650,3076,1223.12,-45,2091.77
8,1,16,3,tat,Node_1_1252_169_1825,169,65.9113,-45,422.242
8,1,16,3,tat,Node_1_1255_13_1825,13,-45,-45,853.948
8,1,17,3,tat,Node_1_118_3221_3650,3221,881.677,-45,2876.05
8,1,17,3,tat,Node_1_171_3322_3650,3322,3057.71,1237.45,3650
8,1,17,3,tat,Node_1_195_3484_3650,3484,3650,-45,3650
8,1,17,3,tat,Node_1_202_2975_3650,2975,992.041,-45,3594.45
8,1,17,3,tat,Node_1_217_3342_3650,3342,1832.4,-45,3650
8,1,17,3,tat,Node_1_233_537_3650,537,208.378,-45,730
8,1,17,3,tat,Node_1_234_347_3650,347,-45,-45,1251.62
8,1,17,3,tat,Node_1_251_360_3650,360,-45,-45,648.743
8,1,17,3,tat,Node_1_272_217_3650,217,208.378,-45,730
8,1,17,3,tat,Node_1_296_1214_3650,1214,2502.96,1509.06,3650
8,1,17,3,tat,Node_1_342_1512_1825,1512,1825,-45,1825
8,1,17,3,tat,Node_1_581_3460_3650,3460,2248.21,224.658,3650
8,1,17,3,tat,Node_1_639_1553_3650,1553,2469.35,821.886,3650
8,1,17,3,tat,Node_1_647_237_1825,237,1224.33,-45,1825
8,1,17,3,tat,Node_1_669_1013_1825,1013,51.9219,-45,365
8,1,17,3,tat,Node_1_675_450_3650,450,1012.58,-45,3650
8,1,17,3,tat,Node_1_681_825_1825,825,-45,-45,1276.01
8,1,17,3,tat,Node_1_760_1797_1825,1797,1825,135.093,1825
8,1,17,3,tat,Node_1_878_800_3650,800,-45,-45,809.464
8,1,17,3,tat,Node_1_912_2392_3650,2392,1622.82,-45,3650
8,1,17,3,tat,Node_1_1004_1544_3650,1544,110.553,-45,365
8,1,17,3,tat,Node_1_1012_1684_1825,1684,595.687,-45,1095
8,1,17,3,tat,Node_1_1098_1106_1825,1106,1825,-45,1825
8,1,17,3,tat,Node_1_1117_1727_3650,1727,1096.39,-11.9045,1460
8,1,17,3,tat,Node_1_1123_710_1825,710,912.093,-45,1825
8,1,17,3,tat,Node_1_1176_3132_3650,3132,642.361,-45,1981.94
8,1,17,3,tat,Node_1_1209_3409_3650,3409,2382.54,442.255,3650
8,1,17,3,tat,Node_1_1212_3076_3650,3076,2651.03,1000.95,3650
8,1,17,3,tat,Node_1_1252_169_1825,169,1095.12,536.966,1095.12
8,1,17,3,tat,Node_1_1255_13_1825,13,-45,-45,1473.04
8,1,18,3,tat,Node_1_118_3221_3650,3221,3650,706.464,3650
8,1,18,3,tat,Node_1_171_3322_3650,3322,2145.03,124.53,3650
8,1,18,3,tat,Node_1_195_3484_3650,3484,1905.67,-45,3650
8,1,18,3,tat,Node_1_202_2975_3650,2975,2555.13,1355.26,2555.13
8,1,18,3,tat,Node_1_217_3342_3650,3342,431.845,-45,1841.85
8,1,18,3,tat,Node_1_233_537_3650,537,-45,-45,1468.74
8,1,18,3,tat,Node_1_234_347_3650,347,434.483,-45,1095
8,1,18,3,tat,Node_1_251_360_3650,360,912.632,-15.0405,1460
8,1,18,3,tat,Node_1_272_217_3650,217,230.685,-45,365
8,1,18,3,tat,Node_1_296_1214_3650,1214,2710.98,1105.78,3650
8,1,18,3,tat,Node_1_342_1512_1825,1512,1825,-45,1825
8,1,18,3,tat,Node_1_581_3460_3650,3460,3650,470.026,3650
8,1,18,3,tat,Node_1_639_1553_3650,1553,2250.51,607.855,3650
8,1,18,3,tat,Node_1_647_237_1825,237,1260.27,281.643,1460
8,1,18,3,tat,Node_1_669_1013_1825,1013,624.691,-45,1825
8,1,18,3,tat,Node_1_675_450_3650,450,-45,-45,912.83
8,1,18,3,tat,Node_1_681_825_1825,825,-45,-45,1034.29
8,1,18,3,tat,Node_1_760_1797_1825,1797,1228.32,-45,1825
8,1,18,3,tat,Node_1_878_800_3650,800,-45,-45,1928.98
8,1,18,3,tat,Node_1_912_2392_3650,2392,3650,478.255,3650
8,1,18,3,tat,Node_1_1004_1544_3650,1544,-45,-45,1832.23
8,1,18,3,tat,Node_1_1012_1684_1825,1684,230.553,-45,365
8,1,18,3,tat,Node_1_1098_1106_1825,1106,624.691,-45,1825
8,1,18,3,tat,Node_1_1117_1727_3650,1727,3650,-45,3650
8,1,18,3,tat,Node_1_1123_710_1825,710,50.688,-45,848.688
8,1,18,3,tat,Node_1_1176_3132_3650,3132,3650,1353.3,3650
8,1,18,3,tat,Node_1_1209_3409_3650,3409,2596.73,-26.2493,3650
8,1,18,3,tat,Node_1_1212_3076_3650,3076,2223.66,555.853,2920
8,1,18,3,tat,Node_1_1252_169_1825,169,-45,-45,1034.29
8,1,18,3,tat,Node_1_1255_13_1825,13,230.685,-45,365
8,1,19,3,tat,Node_1_118_3221_3650,3221,2552.82,192.973,3650
8,1,19,3,tat,Node_1_171_3322_3650,3322,3359.5,362.089,3650
8,1,19,3,tat,Node_1_195_3484_3650,3484,-45,-45,2735.23
8,1,19,3,tat,Node_1_202_2975_3650,2975,325.102,-45,2121.67
8,1,19,3,tat,Node_1_217_3342_3650,3342,1261.15,-45,3586.62
8,1,19,3,tat,Node_1_233_537_3650,537,-45,-45,593.04
8,1,19,3,tat,Node_1_234_347_3650,347,-45,-45,1196.56
8,1,19,3,tat,Node_1_251_360_3650,360,-45,-45,888.229
8,1,19,3,tat,Node_1_272_217_3650,217,535.169,-45,730
8,1,19,3,tat,Node_1_296_1214_3650,1214,813.323,309.517,1095
8,1,19,3,tat,Node_1_342_1512_1825,1512,82.2479,-45,1192.15
8,1,19,3,tat,Node_1_581_3460_3650,3460,730.114,292.62,730.114
8,1,19,3,tat,Node_1_639_1553_3650,1553,730.114,-45,730.114
8,1,19,3,tat,Node_1_647_237_1825,237,-45,-45,800.627
8,1,19,3,tat,Node_1_669_1013_1825,1013,596.331,-45,1825
8,1,19,3,tat,Node_1_675_450_3650,450,1478.69,-45,3650
8,1,19,3,tat,Node_1_681_825_1825,825,1000.13,-45,1825
8,1,19,3,tat,Node_1_760_1797_1825,1797,1521.85,-45,1825
8,1,19,3,tat,Node_1_878_800_3650,800,308.333,-45,365
8,1,19,3,tat,Node_1_912_2392_3650,2392,3650,1466.82,3650
8,1,19,3,tat,Node_1_1004_1544_3650,1544,335.406,-45,365
8,1,19,3,tat,Node_1_1012_1684_1825,1684,1627.94,663.478,1825
8,1,19,3,tat,Node_1_1098_1106_1825,1106,1479.4,-45,1825
8,1,19,3,tat,Node_1_1117_1727_3650,1727,2862.84,582.462,3650
8,1,19,3,tat,Node_1_1123_710_1825,710,-45,-45,939.949
8,1,19,3,tat,Node_1_1176_3132_3650,3132,3650,1451,3650
8,1,19,3,tat,Node_1_1209_3409_3650,3409,2737.35,2118.12,2920
8,1,19,3,tat,Node_1_1212_3076_3650,3076,2904.04,1566.39,3650
8,1,19,3,tat,Node_1_1252_169_1825,169,365.114,-45,365.114
8,1,19,3,tat,Node_1_1255_13_1825,13,718.322,-39.8212,1095
8,1,20,3,tat,Node_1_118_3221_3650,3221,3650,589.08,3650
8,1,20,3,tat,Node_1_171_3322_3650,3322,3650,1884.54,3650
8,1,20,3,tat,Node_1_195_3484_3650,3484,2472.51,791.068,3650
8,1,20,3,tat,Node_1_202_2975_3650,2975,770.071,-45,2499.75
8,1,20,3,tat,Node_1_217_3342_3650,3342,858.792,-45,2419.16
8,1,20,3,tat,Node_1_233_537_3650,537,-45,-45,1476.96
8,1,20,3,tat,Node_1_234_347_3650,347,133.028,-45,365
8,1,20,3,tat,Node_1_251_360_3650,360,1105.65,-45,3650
8,1,20,3,tat,Node_1_272_217_3650,217,133.56,-45,365
8,1,20,3,tat,Node_1_296_1214_3650,1214,3650,13.72,3650
8,1,20,3,tat,Node_1_342_1512_1825,1512,1466.19,-45,1825
8,1,20,3,tat,Node_1_581_3460_3650,3460,3616.49,840.569,3650
8,1,20,3,tat,Node_1_639_1553_3650,1553,133.294,-45,365
8,1,20,3,tat,Node_1_647_237_1825,237,133.56,-45,365
8,1,20,3,tat,Node_1_669_1013_1825,1013,1825,-45,1825
8,1,20,3,tat,Node_1_675_450_3650,450,1763.57,160.488,3650
8,1,20,3,tat,Node_1_681_825_1825,825,1825,108.652,1825
8,1,20,3,tat,Node_1_760_1797_1825,1797,-45,-45,1335.04
8,1,20,3,tat,Node_1_878_800_3650,800,406.203,-45,2726.17
8,1,20,3,tat,Node_1_912_2392_3650,2392,3620.35,1568.31,3650
8,1,20,3,tat,Node_1_1004_1544_3650,1544,606.934,-45,1825
8,1,20,3,tat,Node_1_1012_1684_1825,1684,1825,220.747,1825
8,1,20,3,tat,Node_1_1098_1106_1825,1106,1729.7,121.699,1825
8,1,20,3,tat,Node_1_1117_1727_3650,1727,133.56,-45,365
8,1,20,3,tat,Node_1_1123_710_1825,710,-45,-45,1655.48
8,1,20,3,tat,Node_1_1176_3132_3650,3132,2534.53,193.496,3650
8,1,20,3,tat,Node_1_1209_3409_3650,3409,3254.75,1547.65,3650
8,1,20,3,tat,Node_1_1212_3076_3650,3076,3650,1615.21,3650
8,1,20,3,tat,Node_1_1252_169_1825,169,133.56,-45,365
8,1,20,3,tat,Node_1_1255_13_1825,13,-45,-45,1079.52
8,1,21,3,tat,Node_1_118_3221_3650,3221,1360.22,-45,3650
8,1,21,3,tat,Node_1_171_3322_3650,3322,3650,668.795,3650
8,1,21,3,tat,Node_1_195_3484_3650,3484,3650,569.876,3650
8,1,21,3,tat,Node_1_202_2975_3650,2975,3245.38,1995.84,3650
8,1,21,3,tat,Node_1_217_3342_3650,3342,3650,1609.29,3650
8,1,21,3,tat,Node_1_233_537_3650,537,188.528,-45,1812.63
8,1,21,3,tat,Node_1_234_347_3650,347,563.381,22.4971,910.236
8,1,21,3,tat,Node_1_251_360_3650,360,-26.2392,-45,161
8,1,21,3,tat,Node_1_272_217_3650,217,1773.93,-7.12331,3516.54
8,1,21,3,tat,Node_1_296_1214_3650,1214,690.425,-45,1723.2
8,1,21,3,tat,Node_1_342_1512_1825,1512,972.283,-45,1825
8,1,21,3,tat,Node_1_581_3460_3650,3460,730.094,61.8009,730.094
8,1,21,3,tat,Node_1_639_1553_3650,1553,3650,2372.5,3650
8,1,21,3,tat,Node_1_647_237_1825,237,250.624,-45,1336.43
8,1,21,3,tat,Node_1_669_1013_1825,1013,1531.86,-45,1825
8,1,21,3,tat,Node_1_675_450_3650,450,326.649,-45,1008.13
8,1,21,3,tat,Node_1_681_825_1825,825,649.657,-45,1802.9
8,1,21,3,tat,Node_1_760_1797_1825,1797,1777.25,-45,1825
8,1,21,3,tat,Node_1_878_800_3650,800,1041.39,-45,2659.06
8,1,21,3,tat,Node_1_912_2392_3650,2392,2752.45,911.079,3650
8,1,21,3,tat,Node_1_1004_1544_3650,1544,816.196,-45,1460
8,1,21,3,tat,Node_1_1012_1684_1825,1684,1825,659.307,1825
8,1,21,3,tat,Node_1_1098_1106_1825,1106,1342.9,216.598,1825
8,1,21,3,tat,Node_1_1117_1727_3650,1727,2330.12,133.616,3650
8,1,21,3,tat,Node_1_1123_710_1825,710,1825,170.522,1825
8,1,21,3,tat,Node_1_1176_3132_3650,3132,3650,2108.64,3650
8,1,21,3,tat,Node_1_1209_3409_3650,3409,3562.67,2580.08,3650
8,1,21,3,tat,Node_1_1212_3076_3650,3076,2295.25,1212.79,2920
8,1,21,3,tat,Node_1_1252_169_1825,169,351.927,-45,730
8,1,21,3,tat,Node_1_1255_13_1825,13,-26.2392,-45,161
8,1,22,3,tat,Node_1_118_3221_3650,3221,3650,730,3650
8,1,22,3,tat,Node_1_171_3322_3650,3322,1929.82,176.512,3607.04
8,1,22,3,tat,Node_1_195_3484_3650,3484,3049.21,950.581,3650
8,1,22,3,tat,Node_1_202_2975_3650,2975,3650,974.509,3650
8,1,22,3,tat,Node_1_217_3342_3650,3342,1202.94,-5.1457,2947.61
8,1,22,3,tat,Node_1_233_537_3650,537,730.118,-45,730.118
8,1,22,3,tat,Node_1_234_347_3650,347,730.118,-45,730.118
8,1,22,3,tat,Node_1_251_360_3650,360,-45,-45,1436.29
8,1,22,3,tat,Node_1_272_217_3650,217,696.81,-45,1774.02
8,1,22,3,tat,Node_1_296_1214_3650,1214,2941.06,317.097,3650
8,1,22,3,tat,Node_1_342_1512_1825,1512,971.214,-45,1825
8,1,22,3,tat,Node_1_581_3460_3650,3460,3650,549.81,3650
8,1,22,3,tat,Node_1_639_1553_3650,1553,2621.28,844.276,3650
8,1,22,3,tat,Node_1_647_237_1825,237,-45,-45,964.388
8,1,22,3,tat,Node_1_669_1013_1825,1013,1550.93,610.419,1825
8,1,22,3,tat,Node_1_675_450_3650,450,301.878,-45,365
8,1,22,3,tat,Node_1_681_825_1825,825,1132.33,-45,1825
8,1,22,3,tat,Node_1_760_1797_1825,1797,333.498,-12.1883,365
8,1,22,3,tat,Node_1_878_800_3650,800,100.444,-45,365
8,1,22,3,tat,Node_1_912_2392_3650,2392,416.543,-45,1896.44
8,1,22,3,tat,Node_1_1004_1544_3650,1544,2727.1,1300.62,3650
8,1,22,3,tat,Node_1_1012_1684_1825,1684,1393.82,486.198,1825
8,1,22,3,tat,Node_1_1098_1106_1825,1106,1825,303.169,1825
8,1,22,3,tat,Node_1_1117_1727_3650,1727,3305.71,883.376,3650
8,1,22,3,tat,Node_1_1123_710_1825,710,557.857,-45,1825
8,1,22,3,tat,Node_1_1176_3132_3650,3132,3650,337.665,3650
8,1,22,3,tat,Node_1_1209_3409_3650,3409,2505.94,1792.47,2920
8,1,22,3,tat,Node_1_1212_3076_3650,3076,2091.77,1449.84,2555
8,1,22,3,tat,Node_1_1252_169_1825,169,100.444,-45,365
8,1,22,3,tat,Node_1_1255_13_1825,13,131.062,-45,1212.19
8,1,23,3,tat,Node_1_118_3221_3650,3221,3650,520.909,3650
8,1,23,3,tat,Node_1_171_3322_3650,3322,3190.4,-9.94486,3650
8,1,23,3,tat,Node_1_195_3484_3650,3484,3650,713.472,3650
8,1,23,3,tat,Node_1_202_2975_3650,2975,3650,1813.09,3650
8,1,23,3,tat,Node_1_217_3342_3650,3342,3552.13,-45,3650
8,1,23,3,tat,Node_1_233_537_3650,537,1356.48,-45,2960.69
8,1,23,3,tat,Node_1_234_347_3650,347,365.571,-45,730
8,1,23,3,tat,Node_1_251_360_3650,360,365.571,-45,730
8,1,23,3,tat,Node_1_272_217_3650,217,547.786,34.7576,730
8,1,23,3,tat,Node_1_296_1214_3650,1214,1367.87,34.7576,3612.6
8,1,23,3,tat,Node_1_342_1512_1825,1512,209.794,-45,1087.37
8,1,23,3,tat,Node_1_581_3460_3650,3460,3650,781.598,3650
8,1,23,3,tat,Node_1_639_1553_3650,1553,657.814,-45,2315.11
8,1,23,3,tat,Node_1_647_237_1825,237,365.437,-45,730
8,1,23,3,tat,Node_1_669_1013_1825,1013,-45,-45,1825
8,1,23,3,tat,Node_1_675_450_3650,450,365.437,-45,730
8,1,23,3,tat,Node_1_681_825_1825,825,365.437,-45,730
8,1,23,3,tat,Node_1_760_1797_1825,1797,1825,-45,1825
8,1,23,3,tat,Node_1_878_800_3650,800,1181.94,-45,3650
8,1,23,3,tat,Node_1_912_2392_3650,2392,550.222,-45,730
8,1,23,3,tat,Node_1_1004_1544_3650,1544,1093.54,-45,3650
8,1,23,3,tat,Node_1_1012_1684_1825,1684,1348.72,476.932,1825
8,1,23,3,tat,Node_1_1098_1106_1825,1106,922.432,-45,1825
8,1,23,3,tat,Node_1_1117_1727_3650,1727,916.992,-45,1460
8,1,23,3,tat,Node_1_1123_710_1825,710,373.85,-45,1441.82
8,1,23,3,tat,Node_1_1176_3132_3650,3132,3323.78,389.36,3650
8,1,23,3,tat,Node_1_1209_3409_3650,3409,3044.65,838.905,3650
8,1,23,3,tat,Node_1_1212_3076_3650,3076,2874.45,1067.93,3650
8,1,23,3,tat,Node_1_1252_169_1825,169,98.6838,-45,365
8,1,23,3,tat,Node_1_1255_13_1825,13,-45,-45,957
8,1,24,3,tat,Node_1_118_3221_3650,3221,1091.89,-45,3236.55
8,1,24,3,tat,Node_1_171_3322_3650,3322,3650,1261.95,3650
8,1,24,3,tat,Node_1_195_3484_3650,3484,3650,1078.58,3650
8,1,24,3,tat,Node_1_202_2975_3650,2975,1733.27,383.685,2555
8,1,24,3,tat,Node_1_217_3342_3650,3342,3140.84,812.267,3650
8,1,24,3,tat,Node_1_233_537_3650,537,477.955,-45,1316.52
8,1,24,3,tat,Node_1_234_347_3650,347,478.068,-45,1316.52
8,1,24,3,tat,Node_1_251_360_3650,360,293.276,-33.8947,365
8,1,24,3,tat,Node_1_272_217_3650,217,356.249,-41.8977,365
8,1,24,3,tat,Node_1_296_1214_3650,1214,478.068,-45,1316.52
8,1,24,3,tat,Node_1_342_1512_1825,1512,1287.7,30.0594,1825
8,1,24,3,tat,Node_1_581_3460_3650,3460,545.702,-37.0645,730
8,1,24,3,tat,Node_1_639_1553_3650,1553,2403.94,968.841,3650
8,1,24,3,tat,Node_1_647_237_1825,237,1649.66,500.409,1825
8,1,24,3,tat,Node_1_669_1013_1825,1013,966.941,420.24,1095
8,1,24,3,tat,Node_1_675_450_3650,450,221.44,-45,365
8,1,24,3,tat,Node_1_681_825_1825,825,293.276,-9.66857,365
8,1,24,3,tat,Node_1_760_1797_1825,1797,1825,288.526,1825
8,1,24,3,tat,Node_1_878_800_3650,800,2564.3,213.594,3650
8,1,24,3,tat,Node_1_912_2392_3650,2392,1133.63,-45,2365.54
8,1,24,3,tat,Node_1_1004_1544_3650,1544,257.358,-45,365
8,1,24,3,tat,Node_1_1012_1684_1825,1684,1581.26,687.719,1825
8,1,24,3,tat,Node_1_1098_1106_1825,1106,1277.61,-45,1825
8,1,24,3,tat,Node_1_1117_1727_3650,1727,1970.04,487.923,2555
8,1,24,3,tat,Node_1_1123_710_1825,710,329.195,33.1197,365
8,1,24,3,tat,Node_1_1176_3132_3650,3132,2623.82,1340.92,3650
8,1,24,3,tat,Node_1_1209_3409_3650,3409,2190.11,1704.91,2190.11
8,1,24,3,tat,Node_1_1212_3076_3650,3076,2190.11,1704.91,2190.11
8,1,24,3,tat,Node_1_1252_169_1825,169,278.887,-45,365
8,1,24,3,tat,Node_1_1255_13_1825,13,365.113,-45,365.113
8,1,25,3,tat,Node_1_118_3221_3650,3221,3650,752.835,3650
8,1,25,3,tat,Node_1_171_3322_3650,3322,2394.53,756.177,3650
8,1,25,3,tat,Node_1_195_3484_3650,3484,206.621,-45,304.588
8,1,25,3,tat,Node_1_202_2975_3650,2975,3549.77,1213.63,3650
8,1,25,3,tat,Node_1_217_3342_3650,3342,2113.11,992.131,3650
8,1,25,3,tat,Node_1_233_537_3650,537,632.754,-45,1456.09
8,1,25,3,tat,Node_1_234_347_3650,347,206.621,-45,304.588
8,1,25,3,tat,Node_1_251_360_3650,360,206.621,-45,304.588
8,1,25,3,tat,Node_1_272_217_3650,217,547.594,142.588,730
8,1,25,3,tat,Node_1_296_1214_3650,1214,365.094,-24.0817,365.094
8,1,25,3,tat,Node_1_342_1512_1825,1512,1825,334.376,1825
8,1,25,3,tat,Node_1_581_3460_3650,3460,3650,667.252,3650
8,1,25,3,tat,Node_1_639_1553_3650,1553,905.67,154.472,1571.04
8,1,25,3,tat,Node_1_647_237_1825,237,365.094,-45,365.094
8,1,25,3,tat,Node_1_669_1013_1825,1013,507.205,-45,1417.59
8,1,25,3,tat,Node_1_675_450_3650,450,635.382,14.316,1267.65
8,1,25,3,tat,Node_1_681_825_1825,825,562.223,39.7306,1825
8,1,25,3,tat,Node_1_760_1797_1825,1797,1825,-45,1825
8,1,25,3,tat,Node_1_878_800_3650,800,206.621,-45,304.588
8,1,25,3,tat,Node_1_912_2392_3650,2392,2920.09,1569.55,2920.09
8,1,25,3,tat,Node_1_1004_1544_3650,1544,1160.19,210.518,1825
8,1,25,3,tat,Node_1_1012_1684_1825,1684,1248.02,567.849,1825
8,1,25,3,tat,Node_1_1098_1106_1825,1106,978.205,-45,1825
8,1,25,3,tat,Node_1_1117_1727_3650,1727,1929.21,148.717,3650
8,1,25,3,tat,Node_1_1123_710_1825,710,1301.73,140.814,1825
8,1,25,3,tat,Node_1_1176_3132_3650,3132,1063.51,11.3366,2289.7
8,1,25,3,tat,Node_1_1209_3409_3650,3409,3650,1751.87,3650
8,1,25,3,tat,Node_1_1212_3076_3650,3076,2473.33,1742.46,2920
8,1,25,3,tat,Node_1_1252_169_1825,169,941.508,-45,1825
8,1,25,3,tat,Node_1_1255_13_1825,13,1175.96,186.063,1825
8,1,26,3,tat,Node_1_118_3221_3650,3221,1985.63,-45,3650
8,1,26,3,tat,Node_1_171_3322_3650,3322,3650,-45,3650
8,1,26,3,tat,Node_1_195_3484_3650,3484,3650,-45,3650
8,1,26,3,tat,Node_1_202_2975_3650,2975,2083.26,950.77,2190
8,1,26,3,tat,Node_1_217_3342_3650,3342,3650,-45,3650
8,1,26,3,tat,Node_1_233_537_3650,537,-45,-45,3232.7
8,1,26,3,tat,Node_1_234_347_3650,347,881.544,-45,1825
8,1,26,3,tat,Node_1_251_360_3650,360,365.194,-45,365.194
8,1,26,3,tat,Node_1_272_217_3650,217,3314.73,365,3650
8,1,26,3,tat,Node_1_296_1214_3650,1214,1120.6,-45,3650
8,1,26,3,tat,Node_1_342_1512_1825,1512,1825,-45,1825
8,1,26,3,tat,Node_1_581_3460_3650,3460,1324.03,-45,3650
8,1,26,3,tat,Node_1_639_1553_3650,1553,1774.96,-45,3650
8,1,26,3,tat,Node_1_647_237_1825,237,280.696,-45,365
8,1,26,3,tat,Node_1_669_1013_1825,1013,-45,-45,1825
8,1,26,3,tat,Node_1_675_450_3650,450,36.1661,-45,1095
8,1,26,3,tat,Node_1_681_825_1825,825,-45,-45,1825
8,1,26,3,tat,Node_1_760_1797_1825,1797,1825,-45,1825
8,1,26,3,tat,Node_1_878_800_3650,800,466.865,-45,2537.03
8,1,26,3,tat,Node_1_912_2392_3650,2392,2303.41,37.1206,2920
8,1,26,3,tat,Node_1_1004_1544_3650,1544,-45,-45,2541.86
8,1,26,3,tat,Node_1_1012_1684_1825,1684,1825,34.453,1825
8,1,26,3,tat,Node_1_1098_1106_1825,1106,1136.1,-45,1825
8,1,26,3,tat,Node_1_1117_1727_3650,1727,-45,-45,3218.09
8,1,26,3,tat,Node_1_1123_710_1825,710,-45,-45,1825
8,1,26,3,tat,Node_1_1176_3132_3650,3132,1893.25,-45,3650
8,1,26,3,tat,Node_1_1209_3409_3650,3409,3650,623.427,3650
8,1,26,3,tat,Node_1_1212_3076_3650,3076,1706.31,47.2278,2920
8,1,26,3,tat,Node_1_1252_169_1825,169,-45,-45,1825
8,1,26,3,tat,Node_1_1255_13_1825,13,-45,-45,1825
8,1,27,3,tat,Node_1_118_3221_3650,3221,3650,1359.43,3650
8,1,27,3,tat,Node_1_171_3322_3650,3322,2170.57,-45,3650
8,1,27,3,tat,Node_1_195_3484_3650,3484,3650,733.636,3650
8,1,27,3,tat,Node_1_202_2975_3650,2975,2185.28,1262.77,2555
8,1,27,3,tat,Node_1_217_3342_3650,3342,2302.38,-31.6034,3650
8,1,27,3,tat,Node_1_233_537_3650,537,-38.6729,-45,221.176
8,1,27,3,tat,Node_1_234_347_3650,347,181.539,-45,365
8,1,27,3,tat,Node_1_251_360_3650,360,265.895,-45,544.375
8,1,27,3,tat,Node_1_272_217_3650,217,251.881,-45,486.667
8,1,27,3,tat,Node_1_296_1214_3650,1214,2064.4,-45,3650
8,1,27,3,tat,Node_1_342_1512_1825,1512,1825,366.339,1825
8,1,27,3,tat,Node_1_581_3460_3650,3460,3650,428.781,3650
8,1,27,3,tat,Node_1_639_1553_3650,1553,2112.32,460.351,3230.41
8,1,27,3,tat,Node_1_647_237_1825,237,125.212,-45,347.703
8,1,27,3,tat,Node_1_669_1013_1825,1013,1825,186.057,1825
8,1,27,3,tat,Node_1_675_450_3650,450,280.277,-45,365
8,1,27,3,tat,Node_1_681_825_1825,825,856.459,100.531,1537.65
8,1,27,3,tat,Node_1_760_1797_1825,1797,1825,-45,1825
8,1,27,3,tat,Node_1_878_800_3650,800,1134.28,2.94452,2376.27
8,1,27,3,tat,Node_1_912_2392_3650,2392,2920.1,1728.91,2920.1
8,1,27,3,tat,Node_1_1004_1544_3650,1544,-45,-45,818.868
8,1,27,3,tat,Node_1_1012_1684_1825,1684,1608.25,769.37,1825
8,1,27,3,tat,Node_1_1098_1106_1825,1106,1825,8.78095,1825
8,1,27,3,tat,Node_1_1117_1727_3650,1727,3021.7,640.571,3650
8,1,27,3,tat,Node_1_1123_710_1825,710,646.471,-45,1715.56
8,1,27,3,tat,Node_1_1176_3132_3650,3132,3025.01,1662.75,3650
8,1,27,3,tat,Node_1_1209_3409_3650,3409,3101.88,1761.8,3650
8,1,27,3,tat,Node_1_1212_3076_3650,3076,1928.99,927.532,2920
8,1,27,3,tat,Node_1_1252_169_1825,169,322.687,-45,365
8,1,27,3,tat,Node_1_1255_13_1825,13,-38.6729,-45,221.176
8,1,28,3,tat,Node_1_118_3221_3650,3221,3331.38,1346.03,3650
8,1,28,3,tat,Node_1_171_3322_3650,3322,3650,-45,3650
8,1,28,3,tat,Node_1_195_3484_3650,3484,3650,707.388,3650
8,1,28,3,tat,Node_1_202_2975_3650,2975,2429.72,1772.02,2555
8,1,28,3,tat,Node_1_217_3342_3650,3342,3146.53,740.927,3650
8,1,28,3,tat,Node_1_233_537_3650,537,1072.14,-45,2604.65
8,1,28,3,tat,Node_1_234_347_3650,347,2774.04,110.288,3650
8,1,28,3,tat,Node_1_251_360_3650,360,284.471,-45,365
8,1,28,3,tat,Node_1_272_217_3650,217,-45,-45,544.44
8,1,28,3,tat,Node_1_296_1214_3650,1214,146.082,-45,1394.99
8,1,28,3,tat,Node_1_342_1512_1825,1512,1825,-45,1825
8,1,28,3,tat,Node_1_581_3460_3650,3460,3650,977.743,3650
8,1,28,3,tat,Node_1_639_1553_3650,1553,3650,1688.36,3650
8,1,28,3,tat,Node_1_647_237_1825,237,332.117,-0.126301,365
8,1,28,3,tat,Node_1_669_1013_1825,1013,475.52,-45,730
8,1,28,3,tat,Node_1_675_450_3650,450,-21.6515,-45,268.418
8,1,28,3,tat,Node_1_681_825_1825,825,1288.95,305.052,1825
8,1,28,3,tat,Node_1_760_1797_1825,1797,590.373,-45,1825
8,1,28,3,tat,Node_1_878_800_3650,800,-45,-45,850.797
8,1,28,3,tat,Node_1_912_2392_3650,2392,3650,1599.67,3650
8,1,28,3,tat,Node_1_1004_1544_3650,1544,1022.92,139.699,1825
8,1,28,3,tat,Node_1_1012_1684_1825,1684,1005.31,-45,1825
8,1,28,3,tat,Node_1_1098_1106_1825,1106,-45,-45,1825
8,1,28,3,tat,Node_1_1117_1727_3650,1727,733.824,-45,2623.18
8,1,28,3,tat,Node_1_1123_710_1825,710,-45,-45,961.016
8,1,28,3,tat,Node_1_1176_3132_3650,3132,3542.66,2656.22,3650
8,1,28,3,tat,Node_1_1209_3409_3650,3409,3650,1485.61,3650
8,1,28,3,tat,Node_1_1212_3076_3650,3076,2088.87,1115.17,2920
8,1,28,3,tat,Node_1_1252_169_1825,169,10.5636,-45,316.709
8,1,28,3,tat,Node_1_1255_13_1825,13,-45,-45,982.258
8,1,29,3,tat,Node_1_118_3221_3650,3221,3650,710.947,3650
8,1,29,3,tat,Node_1_171_3322_3650,3322,3650,932.988,3650
8,1,29,3,tat,Node_1_195_3484_3650,3484,3650,748.074,3650
8,1,29,3,tat,Node_1_202_2975_3650,2975,3650,1377.97,3650
8,1,29,3,tat,Node_1_217_3342_3650,3342,3650,747.449,3650
8,1,29,3,tat,Node_1_233_537_3650,537,-45,-45,837.272
8,1,29,3,tat,Node_1_234_347_3650,347,-45,-45,973.987
8,1,29,3,tat,Node_1_251_360_3650,360,604.733,-45,1095
8,1,29,3,tat,Node_1_272_217_3650,217,1086.89,-45,3515.92
8,1,29,3,tat,Node_1_296_1214_3650,1214,784.683,-45,3650
8,1,29,3,tat,Node_1_342_1512_1825,1512,1825,543.198,1825
8,1,29,3,tat,Node_1_581_3460_3650,3460,2679.39,-45,3650
8,1,29,3,tat,Node_1_639_1553_3650,1553,1822.12,294.216,3650
8,1,29,3,tat,Node_1_647_237_1825,237,114.325,-45,1095
8,1,29,3,tat,Node_1_669_1013_1825,1013,1130.69,-45,1825
8,1,29,3,tat,Node_1_675_450_3650,450,800.77,-45,3094.66
8,1,29,3,tat,Node_1_681_825_1825,825,984.692,83.0067,1095
8,1,29,3,tat,Node_1_760_1797_1825,1797,1472.6,-7.58109,1825
8,1,29,3,tat,Node_1_878_800_3650,800,1269.74,-45,2190
8,1,29,3,tat,Node_1_912_2392_3650,2392,907.071,-45,3184.77
8,1,29,3,tat,Node_1_1004_1544_3650,1544,999.302,111.17,1460
8,1,29,3,tat,Node_1_1012_1684_1825,1684,976.591,-45,1825
8,1,29,3,tat,Node_1_1098_1106_1825,1106,-45,-45,1467.35
8,1,29,3,tat,Node_1_1117_1727_3650,1727,-45,-45,837.272
8,1,29,3,tat,Node_1_1123_710_1825,710,-45,-45,798.644
8,1,29,3,tat,Node_1_1176_3132_3650,3132,2833.67,-45,3650
8,1,29,3,tat,Node_1_1209_3409_3650,3409,1552.18,-45,3650
8,1,29,3,tat,Node_1_1212_3076_3650,3076,459.254,-45,1702.04
8,1,29,3,tat,Node_1_1252_169_1825,169,1458.3,-45,1825
8,1,29,3,tat,Node_1_1255_13_1825,13,-45,-45,1499.92
8,1,30,3,tat,Node_1_118_3221_3650,3221,2283.89,89.8203,3650
8,1,30,3,tat,Node_1_171_3322_3650,3322,3650,985.879,3650
8,1,30,3,tat,Node_1_195_3484_3650,3484,3650,-45,3650
8,1,30,3,tat,Node_1_202_2975_3650,2975,3650,1801.18,3650
8,1,30,3,tat,Node_1_217_3342_3650,3342,1328.68,-45,2555
8,1,30,3,tat,Node_1_233_537_3650,537,704.831,143.889,730
8,1,30,3,tat,Node_1_234_347_3650,347,-45,-45,725.211
8,1,30,3,tat,Node_1_251_360_3650,360,365.114,-45,365.114
8,1,30,3,tat,Node_1_272_217_3650,217,365.114,-45,365.114
8,1,30,3,tat,Node_1_296_1214_3650,1214,1367.58,210.352,2912.17
8,1,30,3,tat,Node_1_342_1512_1825,1512,1825,538.52,1825
8,1,30,3,tat,Node_1_581_3460_3650,3460,3650,689.709,3650
8,1,30,3,tat,Node_1_639_1553_3650,1553,3127.85,1798.25,3650
8,1,30,3,tat,Node_1_647_237_1825,237,-45,-45,826.128
8,1,30,3,tat,Node_1_669_1013_1825,1013,730.114,-45,1095
8,1,30,3,tat,Node_1_675_450_3650,450,365.228,-45,365.228
8,1,30,3,tat,Node_1_681_825_1825,825,365.114,-45,365.114
8,1,30,3,tat,Node_1_760_1797_1825,1797,1825,-45,1825
8,1,30,3,tat,Node_1_878_800_3650,800,813.584,-45,2223.11
8,1,30,3,tat,Node_1_912_2392_3650,2392,1514.77,-45,3650
8,1,30,3,tat,Node_1_1004_1544_3650,1544,3650,879.472,3650
8,1,30,3,tat,Node_1_1012_1684_1825,1684,439.049,-45,1095
8,1,30,3,tat,Node_1_1098_1106_1825,1106,1296.03,-45,1825
8,1,30,3,tat,Node_1_1117_1727_3650,1727,2875.1,279.46,3650
8,1,30,3,tat,Node_1_1123_710_1825,710,1825,-45,1825
8,1,30,3,tat,Node_1_1176_3132_3650,3132,1050.37,7.9788,3181.74
8,1,30,3,tat,Node_1_1209_3409_3650,3409,3650,1851.85,3650
8,1,30,3,tat,Node_1_1212_3076_3650,3076,2645.65,1996.5,2920
8,1,30,3,tat,Node_1_1252_169_1825,169,-45,-45,1208.72
8,1,30,3,tat,Node_1_1255_13_1825,13,1095.11,147.536,1825
