batch,rep,ali,sub,gene,run,nodeName,trueDate,nodeDate,lowCI,highCI
1,1,1,3,p17,1,Node_1_58_2039_3650,2039,1900.720,732.042,3320.716
1,1,1,3,p17,1,Node_1_71_3276_3650,3276,2819.655,1924.599,3649.504
1,1,1,3,p17,1,Node_1_101_1132_3650,1132,974.845,34.024,2126.945
1,1,1,3,p17,1,Node_1_122_3045_3650,3045,2102.477,959.562,3354.217
1,1,1,3,p17,1,Node_1_194_2964_3650,2964,3156.212,2475.292,3649.607
1,1,1,3,p17,1,Node_1_280_2772_3650,2772,3044.059,2180.863,3649.967
1,1,1,3,p17,1,Node_1_410_1132_3650,1132,1784.181,490.154,3273.440
1,1,1,3,p17,1,Node_1_455_2901_3650,2901,2885.282,1953.209,3649.719
1,1,1,3,p17,1,Node_1_496_2163_3650,2163,1834.116,841.208,3105.939
1,1,1,3,p17,1,Node_1_525_2180_3650,2180,2525.015,1425.831,3649.559
1,1,1,3,p17,1,Node_1_553_941_3650,941,1573.044,623.015,2746.052
1,1,1,3,p17,1,Node_1_592_98_3650,98,943.160,126.847,1783.822
1,1,1,3,p17,1,Node_1_667_953_3650,953,914.828,31.854,1904.125
1,1,1,3,p17,1,Node_1_673_58_3650,58,434.641,-44.874,1112.477
1,1,1,3,p17,1,Node_1_863_936_3650,936,1841.711,592.041,3294.476
1,1,1,3,p17,1,Node_1_888_2009_3650,2009,2176.798,1073.247,3457.212
1,1,1,3,p17,1,Node_1_958_2938_3650,2938,2233.753,1139.148,3643.113
1,1,1,3,p17,1,Node_1_1059_987_3650,987,2363.310,1349.902,3609.842
1,1,1,3,p17,1,Node_1_1075_85_3650,85,282.079,-44.874,939.440
1,1,1,3,p17,1,Node_1_1078_419_3650,419,497.946,-43.873,1221.580
1,1,2,3,p17,1,Node_1_58_2039_3650,2039,2582.345,1475.796,3646.996
1,1,2,3,p17,1,Node_1_71_3276_3650,3276,1525.875,448.133,2846.736
1,1,2,3,p17,1,Node_1_101_1132_3650,1132,2117.362,930.291,3583.740
1,1,2,3,p17,1,Node_1_122_3045_3650,3045,3329.191,2804.430,3649.985
1,1,2,3,p17,1,Node_1_194_2964_3650,2964,2809.780,2169.805,3616.734
1,1,2,3,p17,1,Node_1_280_2772_3650,2772,2356.834,1195.557,3641.387
1,1,2,3,p17,1,Node_1_410_1132_3650,1132,659.513,-44.874,1736.681
1,1,2,3,p17,1,Node_1_455_2901_3650,2901,3085.827,2293.353,3649.990
1,1,2,3,p17,1,Node_1_496_2163_3650,2163,2082.205,1110.759,3099.650
1,1,2,3,p17,1,Node_1_525_2180_3650,2180,2659.424,1511.940,3648.877
1,1,2,3,p17,1,Node_1_553_941_3650,941,716.809,-44.219,1664.341
1,1,2,3,p17,1,Node_1_592_98_3650,98,293.676,-44.919,967.164
1,1,2,3,p17,1,Node_1_667_953_3650,953,1573.494,193.706,3047.847
1,1,2,3,p17,1,Node_1_673_58_3650,58,440.873,-44.584,1121.255
1,1,2,3,p17,1,Node_1_863_936_3650,936,1282.876,174.927,2624.840
1,1,2,3,p17,1,Node_1_888_2009_3650,2009,2438.349,1530.304,3605.022
1,1,2,3,p17,1,Node_1_958_2938_3650,2938,3031.597,2158.728,3649.930
1,1,2,3,p17,1,Node_1_1059_987_3650,987,1470.125,336.155,2770.561
1,1,2,3,p17,1,Node_1_1075_85_3650,85,564.600,7.655,1288.569
1,1,2,3,p17,1,Node_1_1078_419_3650,419,847.537,114.884,1843.531
1,1,3,3,p17,1,Node_1_58_2039_3650,2039,1904.000,696.328,3288.019
1,1,3,3,p17,1,Node_1_71_3276_3650,3276,2875.587,1920.673,3649.847
1,1,3,3,p17,1,Node_1_101_1132_3650,1132,914.767,-44.382,2109.171
1,1,3,3,p17,1,Node_1_122_3045_3650,3045,2481.391,1562.440,3623.735
1,1,3,3,p17,1,Node_1_194_2964_3650,2964,1752.127,735.919,2880.091
1,1,3,3,p17,1,Node_1_280_2772_3650,2772,2742.757,1656.033,3649.410
1,1,3,3,p17,1,Node_1_410_1132_3650,1132,1720.311,478.056,3160.891
1,1,3,3,p17,1,Node_1_455_2901_3650,2901,2862.167,1893.606,3649.995
1,1,3,3,p17,1,Node_1_496_2163_3650,2163,2900.434,2151.033,3649.802
1,1,3,3,p17,1,Node_1_525_2180_3650,2180,2564.288,1494.632,3649.145
1,1,3,3,p17,1,Node_1_553_941_3650,941,678.486,66.316,1473.630
1,1,3,3,p17,1,Node_1_592_98_3650,98,919.380,89.569,1832.753
1,1,3,3,p17,1,Node_1_667_953_3650,953,889.710,-43.619,2074.544
1,1,3,3,p17,1,Node_1_673_58_3650,58,306.914,-44.537,1018.340
1,1,3,3,p17,1,Node_1_863_936_3650,936,1442.848,230.694,2831.421
1,1,3,3,p17,1,Node_1_888_2009_3650,2009,2001.909,903.958,3331.690
1,1,3,3,p17,1,Node_1_958_2938_3650,2938,2854.163,1825.702,3649.863
1,1,3,3,p17,1,Node_1_1059_987_3650,987,316.108,-44.998,1030.665
1,1,3,3,p17,1,Node_1_1075_85_3650,85,406.046,-43.615,1118.849
1,1,3,3,p17,1,Node_1_1078_419_3650,419,1454.754,292.322,2838.033
1,1,4,3,p17,1,Node_1_58_2039_3650,2039,2992.981,2082.225,3649.845
1,1,4,3,p17,1,Node_1_71_3276_3650,3276,2830.852,1851.647,3649.832
1,1,4,3,p17,1,Node_1_101_1132_3650,1132,1499.037,417.008,2705.716
1,1,4,3,p17,1,Node_1_122_3045_3650,3045,2384.667,1228.886,3649.763
1,1,4,3,p17,1,Node_1_194_2964_3650,2964,2671.677,1875.441,3649.995
1,1,4,3,p17,1,Node_1_280_2772_3650,2772,2207.913,1002.309,3548.352
1,1,4,3,p17,1,Node_1_410_1132_3650,1132,979.089,12.448,2179.493
1,1,4,3,p17,1,Node_1_455_2901_3650,2901,3149.559,2420.317,3649.982
1,1,4,3,p17,1,Node_1_496_2163_3650,2163,2209.719,1283.908,3161.168
1,1,4,3,p17,1,Node_1_525_2180_3650,2180,2785.618,1814.880,3649.802
1,1,4,3,p17,1,Node_1_553_941_3650,941,1586.331,585.369,2827.914
1,1,4,3,p17,1,Node_1_592_98_3650,98,318.616,-44.765,1035.847
1,1,4,3,p17,1,Node_1_667_953_3650,953,1549.023,383.810,2963.593
1,1,4,3,p17,1,Node_1_673_58_3650,58,329.130,-44.761,1048.359
1,1,4,3,p17,1,Node_1_863_936_3650,936,1763.736,520.658,3173.387
1,1,4,3,p17,1,Node_1_888_2009_3650,2009,2032.265,928.286,3386.369
1,1,4,3,p17,1,Node_1_958_2938_3650,2938,3352.902,2824.729,3649.976
1,1,4,3,p17,1,Node_1_1059_987_3650,987,1989.579,719.538,3354.350
1,1,4,3,p17,1,Node_1_1075_85_3650,85,307.424,-44.849,1026.009
1,1,4,3,p17,1,Node_1_1078_419_3650,419,541.746,-43.377,1246.737
1,1,5,3,p17,1,Node_1_58_2039_3650,2039,2217.258,1121.252,3569.139
1,1,5,3,p17,1,Node_1_71_3276_3650,3276,2904.657,2004.810,3649.788
1,1,5,3,p17,1,Node_1_101_1132_3650,1132,2389.029,1260.926,3648.889
1,1,5,3,p17,1,Node_1_122_3045_3650,3045,3006.653,2115.072,3649.894
1,1,5,3,p17,1,Node_1_194_2964_3650,2964,3137.229,2509.037,3645.612
1,1,5,3,p17,1,Node_1_280_2772_3650,2772,3056.372,2187.845,3649.993
1,1,5,3,p17,1,Node_1_410_1132_3650,1132,1222.994,242.073,2533.147
1,1,5,3,p17,1,Node_1_455_2901_3650,2901,2561.787,1669.329,3647.866
1,1,5,3,p17,1,Node_1_496_2163_3650,2163,2797.071,1861.148,3650.000
1,1,5,3,p17,1,Node_1_525_2180_3650,2180,1171.714,100.928,2419.237
1,1,5,3,p17,1,Node_1_553_941_3650,941,612.342,-44.719,1365.086
1,1,5,3,p17,1,Node_1_592_98_3650,98,294.903,-44.938,983.834
1,1,5,3,p17,1,Node_1_667_953_3650,953,1865.829,797.545,3240.105
1,1,5,3,p17,1,Node_1_673_58_3650,58,307.154,-44.990,999.930
1,1,5,3,p17,1,Node_1_863_936_3650,936,1602.069,457.774,2894.571
1,1,5,3,p17,1,Node_1_888_2009_3650,2009,1355.772,169.462,2613.043
1,1,5,3,p17,1,Node_1_958_2938_3650,2938,2798.706,1787.263,3649.508
1,1,5,3,p17,1,Node_1_1059_987_3650,987,782.372,8.431,1647.350
1,1,5,3,p17,1,Node_1_1075_85_3650,85,299.117,-44.979,991.169
1,1,5,3,p17,1,Node_1_1078_419_3650,419,732.374,-33.399,1679.746
1,1,6,3,p17,1,Node_1_58_2039_3650,2039,1749.415,525.450,3182.052
1,1,6,3,p17,1,Node_1_71_3276_3650,3276,3146.771,2374.666,3649.907
1,1,6,3,p17,1,Node_1_101_1132_3650,1132,2666.052,1632.174,3649.933
1,1,6,3,p17,1,Node_1_122_3045_3650,3045,2063.910,920.321,3551.525
1,1,6,3,p17,1,Node_1_194_2964_3650,2964,2939.332,2200.263,3645.552
1,1,6,3,p17,1,Node_1_280_2772_3650,2772,2810.911,1811.298,3649.986
1,1,6,3,p17,1,Node_1_410_1132_3650,1132,2300.396,1136.045,3647.677
1,1,6,3,p17,1,Node_1_455_2901_3650,2901,3202.041,2484.574,3649.995
1,1,6,3,p17,1,Node_1_496_2163_3650,2163,2613.787,1710.166,3649.841
1,1,6,3,p17,1,Node_1_525_2180_3650,2180,2523.647,1390.906,3647.361
1,1,6,3,p17,1,Node_1_553_941_3650,941,1294.491,247.290,2625.179
1,1,6,3,p17,1,Node_1_592_98_3650,98,596.134,-44.984,1553.554
1,1,6,3,p17,1,Node_1_667_953_3650,953,2432.605,1412.055,3641.615
1,1,6,3,p17,1,Node_1_673_58_3650,58,590.287,-44.923,1528.619
1,1,6,3,p17,1,Node_1_863_936_3650,936,1354.720,266.195,2649.404
1,1,6,3,p17,1,Node_1_888_2009_3650,2009,1567.278,635.377,2634.672
1,1,6,3,p17,1,Node_1_958_2938_3650,2938,2623.929,1543.569,3646.404
1,1,6,3,p17,1,Node_1_1059_987_3650,987,1255.250,32.760,2643.717
1,1,6,3,p17,1,Node_1_1075_85_3650,85,540.924,-44.994,1403.807
1,1,6,3,p17,1,Node_1_1078_419_3650,419,905.820,-44.933,2053.587
1,1,7,3,p17,1,Node_1_58_2039_3650,2039,2380.734,1217.472,3646.829
1,1,7,3,p17,1,Node_1_71_3276_3650,3276,3195.210,2484.208,3649.929
1,1,7,3,p17,1,Node_1_101_1132_3650,1132,602.828,-44.244,1394.191
1,1,7,3,p17,1,Node_1_122_3045_3650,3045,2536.239,1641.949,3649.655
1,1,7,3,p17,1,Node_1_194_2964_3650,2964,3033.239,2425.144,3647.241
1,1,7,3,p17,1,Node_1_280_2772_3650,2772,2218.579,1056.478,3432.460
1,1,7,3,p17,1,Node_1_410_1132_3650,1132,1777.274,607.753,3112.853
1,1,7,3,p17,1,Node_1_455_2901_3650,2901,3047.482,2228.994,3649.562
1,1,7,3,p17,1,Node_1_496_2163_3650,2163,2918.980,2186.156,3649.961
1,1,7,3,p17,1,Node_1_525_2180_3650,2180,2844.495,1854.578,3649.809
1,1,7,3,p17,1,Node_1_553_941_3650,941,1728.695,668.404,2982.915
1,1,7,3,p17,1,Node_1_592_98_3650,98,763.119,-41.349,1746.313
1,1,7,3,p17,1,Node_1_667_953_3650,953,877.522,2.520,1980.962
1,1,7,3,p17,1,Node_1_673_58_3650,58,262.797,-44.946,886.461
1,1,7,3,p17,1,Node_1_863_936_3650,936,2153.806,1069.556,3471.057
1,1,7,3,p17,1,Node_1_888_2009_3650,2009,1830.590,654.489,3213.012
1,1,7,3,p17,1,Node_1_958_2938_3650,2938,2724.308,1790.151,3647.894
1,1,7,3,p17,1,Node_1_1059_987_3650,987,1133.509,42.984,2412.390
1,1,7,3,p17,1,Node_1_1075_85_3650,85,267.450,-44.941,878.771
1,1,7,3,p17,1,Node_1_1078_419_3650,419,261.123,-44.980,878.013
1,1,8,3,p17,1,Node_1_58_2039_3650,2039,2990.494,2090.330,3649.984
1,1,8,3,p17,1,Node_1_71_3276_3650,3276,3054.252,2164.711,3649.872
1,1,8,3,p17,1,Node_1_101_1132_3650,1132,2215.717,1135.310,3516.982
1,1,8,3,p17,1,Node_1_122_3045_3650,3045,2131.270,1050.872,3453.825
1,1,8,3,p17,1,Node_1_194_2964_3650,2964,1273.213,173.766,2627.104
1,1,8,3,p17,1,Node_1_280_2772_3650,2772,2517.502,1367.079,3649.953
1,1,8,3,p17,1,Node_1_410_1132_3650,1132,1486.819,132.685,3057.062
1,1,8,3,p17,1,Node_1_455_2901_3650,2901,2655.556,1571.849,3648.225
1,1,8,3,p17,1,Node_1_496_2163_3650,2163,1696.172,520.176,2836.931
1,1,8,3,p17,1,Node_1_525_2180_3650,2180,2755.448,1684.708,3649.907
1,1,8,3,p17,1,Node_1_553_941_3650,941,952.881,57.807,2092.142
1,1,8,3,p17,1,Node_1_592_98_3650,98,381.259,-44.950,1151.343
1,1,8,3,p17,1,Node_1_667_953_3650,953,1790.466,556.632,3227.912
1,1,8,3,p17,1,Node_1_673_58_3650,58,774.163,-33.041,1759.966
1,1,8,3,p17,1,Node_1_863_936_3650,936,1916.468,547.164,3463.281
1,1,8,3,p17,1,Node_1_888_2009_3650,2009,1912.448,924.429,3139.743
1,1,8,3,p17,1,Node_1_958_2938_3650,2938,2893.763,1953.391,3649.973
1,1,8,3,p17,1,Node_1_1059_987_3650,987,2468.727,1463.591,3646.760
1,1,8,3,p17,1,Node_1_1075_85_3650,85,696.096,-44.386,1778.458
1,1,8,3,p17,1,Node_1_1078_419_3650,419,1056.182,-34.594,2365.554
1,1,9,3,p17,1,Node_1_58_2039_3650,2039,2862.598,1901.552,3649.968
1,1,9,3,p17,1,Node_1_71_3276_3650,3276,2882.633,1941.847,3649.942
1,1,9,3,p17,1,Node_1_101_1132_3650,1132,1463.703,231.945,2904.579
1,1,9,3,p17,1,Node_1_122_3045_3650,3045,2325.394,1284.761,3638.476
1,1,9,3,p17,1,Node_1_194_2964_3650,2964,2698.961,1862.173,3640.439
1,1,9,3,p17,1,Node_1_280_2772_3650,2772,2808.219,1795.426,3649.227
1,1,9,3,p17,1,Node_1_410_1132_3650,1132,1760.082,539.790,3210.159
1,1,9,3,p17,1,Node_1_455_2901_3650,2901,3013.070,2107.137,3649.968
1,1,9,3,p17,1,Node_1_496_2163_3650,2163,1926.896,862.313,3151.539
1,1,9,3,p17,1,Node_1_525_2180_3650,2180,2417.358,1353.079,3648.832
1,1,9,3,p17,1,Node_1_553_941_3650,941,348.565,-44.883,1078.292
1,1,9,3,p17,1,Node_1_592_98_3650,98,473.791,-44.877,1203.511
1,1,9,3,p17,1,Node_1_667_953_3650,953,2132.894,985.036,3440.023
1,1,9,3,p17,1,Node_1_673_58_3650,58,858.184,201.840,1804.488
1,1,9,3,p17,1,Node_1_863_936_3650,936,749.548,-44.903,1762.707
1,1,9,3,p17,1,Node_1_888_2009_3650,2009,2254.380,1191.521,3539.287
1,1,9,3,p17,1,Node_1_958_2938_3650,2938,2468.987,1381.836,3648.832
1,1,9,3,p17,1,Node_1_1059_987_3650,987,1173.059,154.862,2394.749
1,1,9,3,p17,1,Node_1_1075_85_3650,85,961.252,185.931,1826.895
1,1,9,3,p17,1,Node_1_1078_419_3650,419,868.570,81.708,1820.613
1,1,10,3,p17,1,Node_1_58_2039_3650,2039,2032.512,935.239,3414.517
1,1,10,3,p17,1,Node_1_71_3276_3650,3276,3292.662,2712.634,3649.985
1,1,10,3,p17,1,Node_1_101_1132_3650,1132,1651.729,459.831,2977.095
1,1,10,3,p17,1,Node_1_122_3045_3650,3045,3140.443,2374.987,3649.998
1,1,10,3,p17,1,Node_1_194_2964_3650,2964,3029.614,2525.520,3647.077
1,1,10,3,p17,1,Node_1_280_2772_3650,2772,2868.929,1928.337,3649.887
1,1,10,3,p17,1,Node_1_410_1132_3650,1132,1427.525,247.571,2739.258
1,1,10,3,p17,1,Node_1_455_2901_3650,2901,3286.358,2669.578,3649.970
1,1,10,3,p17,1,Node_1_496_2163_3650,2163,1789.561,849.611,2660.585
1,1,10,3,p17,1,Node_1_525_2180_3650,2180,2559.912,1583.133,3644.226
1,1,10,3,p17,1,Node_1_553_941_3650,941,1720.868,648.522,2949.786
1,1,10,3,p17,1,Node_1_592_98_3650,98,265.392,-44.853,894.310
1,1,10,3,p17,1,Node_1_667_953_3650,953,1648.281,554.193,2906.297
1,1,10,3,p17,1,Node_1_673_58_3650,58,899.156,93.400,1759.778
1,1,10,3,p17,1,Node_1_863_936_3650,936,1568.563,508.907,2866.463
1,1,10,3,p17,1,Node_1_888_2009_3650,2009,2950.249,2183.011,3649.998
1,1,10,3,p17,1,Node_1_958_2938_3650,2938,3104.098,2271.003,3649.995
1,1,10,3,p17,1,Node_1_1059_987_3650,987,691.860,130.561,1398.302
1,1,10,3,p17,1,Node_1_1075_85_3650,85,276.948,-44.946,909.889
1,1,10,3,p17,1,Node_1_1078_419_3650,419,259.701,-44.924,884.118
1,1,11,3,p17,1,Node_1_58_2039_3650,2039,2439.684,1476.668,3640.212
1,1,11,3,p17,1,Node_1_71_3276_3650,3276,2707.168,1910.106,3648.731
1,1,11,3,p17,1,Node_1_101_1132_3650,1132,2299.488,1119.038,3636.331
1,1,11,3,p17,1,Node_1_122_3045_3650,3045,3010.301,2140.477,3649.961
1,1,11,3,p17,1,Node_1_194_2964_3650,2964,3146.281,2602.562,3647.390
1,1,11,3,p17,1,Node_1_280_2772_3650,2772,3226.735,2521.284,3649.999
1,1,11,3,p17,1,Node_1_410_1132_3650,1132,1587.046,527.586,2820.872
1,1,11,3,p17,1,Node_1_455_2901_3650,2901,2967.802,2000.110,3649.952
1,1,11,3,p17,1,Node_1_496_2163_3650,2163,2653.918,1678.277,3647.021
1,1,11,3,p17,1,Node_1_525_2180_3650,2180,1047.449,87.600,2150.325
1,1,11,3,p17,1,Node_1_553_941_3650,941,1351.863,453.241,2508.146
1,1,11,3,p17,1,Node_1_592_98_3650,98,259.990,-44.975,874.645
1,1,11,3,p17,1,Node_1_667_953_3650,953,747.150,247.744,1449.133
1,1,11,3,p17,1,Node_1_673_58_3650,58,988.996,-38.703,1902.289
1,1,11,3,p17,1,Node_1_863_936_3650,936,1064.839,63.040,2279.379
1,1,11,3,p17,1,Node_1_888_2009_3650,2009,2427.247,1477.467,3647.184
1,1,11,3,p17,1,Node_1_958_2938_3650,2938,2816.563,1857.710,3648.322
1,1,11,3,p17,1,Node_1_1059_987_3650,987,1454.573,384.220,2754.657
1,1,11,3,p17,1,Node_1_1075_85_3650,85,561.509,-44.645,1408.796
1,1,11,3,p17,1,Node_1_1078_419_3650,419,1356.395,211.097,2691.611
1,1,12,3,p17,1,Node_1_58_2039_3650,2039,2582.997,1414.077,3649.696
1,1,12,3,p17,1,Node_1_71_3276_3650,3276,3077.201,2273.201,3649.931
1,1,12,3,p17,1,Node_1_101_1132_3650,1132,1538.634,220.113,3163.544
1,1,12,3,p17,1,Node_1_122_3045_3650,3045,2794.423,1760.368,3649.835
1,1,12,3,p17,1,Node_1_194_2964_3650,2964,3094.847,2388.672,3649.465
1,1,12,3,p17,1,Node_1_280_2772_3650,2772,2431.601,1210.370,3649.823
1,1,12,3,p17,1,Node_1_410_1132_3650,1132,1831.014,474.104,3310.045
1,1,12,3,p17,1,Node_1_455_2901_3650,2901,1893.914,497.896,3523.014
1,1,12,3,p17,1,Node_1_496_2163_3650,2163,2533.311,1493.930,3619.725
1,1,12,3,p17,1,Node_1_525_2180_3650,2180,1302.261,82.752,2654.544
1,1,12,3,p17,1,Node_1_553_941_3650,941,2534.553,1403.795,3649.185
1,1,12,3,p17,1,Node_1_592_98_3650,98,532.543,-44.396,1380.909
1,1,12,3,p17,1,Node_1_667_953_3650,953,1442.757,344.117,2852.377
1,1,12,3,p17,1,Node_1_673_58_3650,58,411.794,-44.982,1311.738
1,1,12,3,p17,1,Node_1_863_936_3650,936,1440.752,252.788,2991.855
1,1,12,3,p17,1,Node_1_888_2009_3650,2009,2420.050,1338.133,3649.634
1,1,12,3,p17,1,Node_1_958_2938_3650,2938,2894.262,1954.095,3649.724
1,1,12,3,p17,1,Node_1_1059_987_3650,987,674.774,-44.834,1884.212
1,1,12,3,p17,1,Node_1_1075_85_3650,85,452.262,-44.849,1348.493
1,1,12,3,p17,1,Node_1_1078_419_3650,419,826.201,-44.187,2036.000
1,1,13,3,p17,1,Node_1_58_2039_3650,2039,2229.772,1069.268,3513.477
1,1,13,3,p17,1,Node_1_71_3276_3650,3276,2629.268,1791.299,3622.225
1,1,13,3,p17,1,Node_1_101_1132_3650,1132,1666.278,599.560,2949.588
1,1,13,3,p17,1,Node_1_122_3045_3650,3045,2717.084,1773.213,3649.444
1,1,13,3,p17,1,Node_1_194_2964_3650,2964,3108.851,2329.305,3649.982
1,1,13,3,p17,1,Node_1_280_2772_3650,2772,2997.700,2104.058,3649.968
1,1,13,3,p17,1,Node_1_410_1132_3650,1132,1864.586,603.235,3263.136
1,1,13,3,p17,1,Node_1_455_2901_3650,2901,3076.105,2236.782,3649.986
1,1,13,3,p17,1,Node_1_496_2163_3650,2163,2673.246,1777.350,3644.219
1,1,13,3,p17,1,Node_1_525_2180_3650,2180,2434.586,1419.375,3618.934
1,1,13,3,p17,1,Node_1_553_941_3650,941,1432.986,491.501,2628.381
1,1,13,3,p17,1,Node_1_592_98_3650,98,618.263,-36.433,1329.547
1,1,13,3,p17,1,Node_1_667_953_3650,953,801.877,333.826,1486.818
1,1,13,3,p17,1,Node_1_673_58_3650,58,369.614,-43.949,996.296
1,1,13,3,p17,1,Node_1_863_936_3650,936,2788.234,1840.813,3648.771
1,1,13,3,p17,1,Node_1_888_2009_3650,2009,2938.475,2184.615,3649.379
1,1,13,3,p17,1,Node_1_958_2938_3650,2938,2715.143,1831.352,3649.891
1,1,13,3,p17,1,Node_1_1059_987_3650,987,1372.204,310.752,2531.557
1,1,13,3,p17,1,Node_1_1075_85_3650,85,939.391,205.079,1722.991
1,1,13,3,p17,1,Node_1_1078_419_3650,419,1254.264,350.525,2275.382
1,1,14,3,p17,1,Node_1_58_2039_3650,2039,3114.195,2341.915,3649.997
1,1,14,3,p17,1,Node_1_71_3276_3650,3276,3097.945,2271.961,3649.902
1,1,14,3,p17,1,Node_1_101_1132_3650,1132,1490.523,293.200,2729.762
1,1,14,3,p17,1,Node_1_122_3045_3650,3045,2993.786,2114.666,3649.612
1,1,14,3,p17,1,Node_1_194_2964_3650,2964,3350.746,2953.346,3649.956
1,1,14,3,p17,1,Node_1_280_2772_3650,2772,2780.551,1812.348,3649.670
1,1,14,3,p17,1,Node_1_410_1132_3650,1132,731.566,23.371,1547.134
1,1,14,3,p17,1,Node_1_455_2901_3650,2901,2618.394,1703.452,3649.639
1,1,14,3,p17,1,Node_1_496_2163_3650,2163,2816.790,2101.794,3649.648
1,1,14,3,p17,1,Node_1_525_2180_3650,2180,3122.437,2374.109,3649.913
1,1,14,3,p17,1,Node_1_553_941_3650,941,928.753,110.599,1865.953
1,1,14,3,p17,1,Node_1_592_98_3650,98,270.164,-44.867,906.971
1,1,14,3,p17,1,Node_1_667_953_3650,953,961.400,187.556,1930.210
1,1,14,3,p17,1,Node_1_673_58_3650,58,423.061,-44.798,1112.963
1,1,14,3,p17,1,Node_1_863_936_3650,936,1622.530,419.033,3015.213
1,1,14,3,p17,1,Node_1_888_2009_3650,2009,3190.855,2567.938,3649.963
1,1,14,3,p17,1,Node_1_958_2938_3650,2938,3213.070,2509.495,3649.915
1,1,14,3,p17,1,Node_1_1059_987_3650,987,995.213,-43.710,2209.552
1,1,14,3,p17,1,Node_1_1075_85_3650,85,543.724,23.708,1233.272
1,1,14,3,p17,1,Node_1_1078_419_3650,419,460.565,-44.973,1300.488
1,1,15,3,p17,1,Node_1_58_2039_3650,2039,2363.760,1282.246,3609.008
1,1,15,3,p17,1,Node_1_71_3276_3650,3276,3059.861,2209.030,3649.955
1,1,15,3,p17,1,Node_1_101_1132_3650,1132,2617.615,1508.027,3649.069
1,1,15,3,p17,1,Node_1_122_3045_3650,3045,2763.402,1708.176,3649.923
1,1,15,3,p17,1,Node_1_194_2964_3650,2964,3284.300,2660.608,3649.991
1,1,15,3,p17,1,Node_1_280_2772_3650,2772,2511.918,1411.696,3649.232
1,1,15,3,p17,1,Node_1_410_1132_3650,1132,1585.021,405.042,3014.755
1,1,15,3,p17,1,Node_1_455_2901_3650,2901,2949.581,2069.734,3649.966
1,1,15,3,p17,1,Node_1_496_2163_3650,2163,1846.265,819.188,2961.885
1,1,15,3,p17,1,Node_1_525_2180_3650,2180,1499.591,319.941,2920.329
1,1,15,3,p17,1,Node_1_553_941_3650,941,713.648,-43.741,1701.514
1,1,15,3,p17,1,Node_1_592_98_3650,98,328.526,-44.879,1038.000
1,1,15,3,p17,1,Node_1_667_953_3650,953,721.523,-44.033,1734.867
1,1,15,3,p17,1,Node_1_673_58_3650,58,313.073,-44.929,1032.020
1,1,15,3,p17,1,Node_1_863_936_3650,936,307.288,-44.816,1006.160
1,1,15,3,p17,1,Node_1_888_2009_3650,2009,2715.318,1856.355,3647.864
1,1,15,3,p17,1,Node_1_958_2938_3650,2938,2419.712,1410.627,3631.636
1,1,15,3,p17,1,Node_1_1059_987_3650,987,838.914,-40.677,1875.382
1,1,15,3,p17,1,Node_1_1075_85_3650,85,314.993,-44.800,1056.204
1,1,15,3,p17,1,Node_1_1078_419_3650,419,307.821,-44.987,1024.728
1,1,16,3,p17,1,Node_1_58_2039_3650,2039,2173.793,1012.054,3452.916
1,1,16,3,p17,1,Node_1_71_3276_3650,3276,3135.234,2376.445,3649.992
1,1,16,3,p17,1,Node_1_101_1132_3650,1132,1702.722,691.707,2893.450
1,1,16,3,p17,1,Node_1_122_3045_3650,3045,3235.702,2597.398,3649.942
1,1,16,3,p17,1,Node_1_194_2964_3650,2964,2635.031,1758.792,3610.719
1,1,16,3,p17,1,Node_1_280_2772_3650,2772,2882.722,1927.184,3649.987
1,1,16,3,p17,1,Node_1_410_1132_3650,1132,864.109,-23.619,1874.929
1,1,16,3,p17,1,Node_1_455_2901_3650,2901,2846.714,1855.517,3649.962
1,1,16,3,p17,1,Node_1_496_2163_3650,2163,2096.837,941.713,3356.868
1,1,16,3,p17,1,Node_1_525_2180_3650,2180,2388.080,1392.046,3577.998
1,1,16,3,p17,1,Node_1_553_941_3650,941,2020.992,862.306,3248.438
1,1,16,3,p17,1,Node_1_592_98_3650,98,302.049,-44.904,956.590
1,1,16,3,p17,1,Node_1_667_953_3650,953,1135.075,36.476,2387.597
1,1,16,3,p17,1,Node_1_673_58_3650,58,583.911,-5.171,1281.052
1,1,16,3,p17,1,Node_1_863_936_3650,936,508.683,-44.851,1357.699
1,1,16,3,p17,1,Node_1_888_2009_3650,2009,2630.065,1656.552,3641.176
1,1,16,3,p17,1,Node_1_958_2938_3650,2938,2534.634,1479.756,3643.963
1,1,16,3,p17,1,Node_1_1059_987_3650,987,2332.586,1209.145,3627.649
1,1,16,3,p17,1,Node_1_1075_85_3650,85,502.975,-44.949,1341.165
1,1,16,3,p17,1,Node_1_1078_419_3650,419,1434.926,540.847,2486.390
1,1,17,3,p17,1,Node_1_58_2039_3650,2039,2083.089,983.427,3413.485
1,1,17,3,p17,1,Node_1_71_3276_3650,3276,3167.570,2467.874,3649.519
1,1,17,3,p17,1,Node_1_101_1132_3650,1132,1451.526,461.249,2576.176
1,1,17,3,p17,1,Node_1_122_3045_3650,3045,2749.755,1858.709,3649.795
1,1,17,3,p17,1,Node_1_194_2964_3650,2964,2774.721,2000.493,3530.337
1,1,17,3,p17,1,Node_1_280_2772_3650,2772,2459.499,1472.436,3625.825
1,1,17,3,p17,1,Node_1_410_1132_3650,1132,1700.235,523.862,3023.342
1,1,17,3,p17,1,Node_1_455_2901_3650,2901,3096.729,2311.310,3649.797
1,1,17,3,p17,1,Node_1_496_2163_3650,2163,2099.100,1213.535,3297.043
1,1,17,3,p17,1,Node_1_525_2180_3650,2180,1648.099,464.587,3019.634
1,1,17,3,p17,1,Node_1_553_941_3650,941,1161.045,414.816,2057.608
1,1,17,3,p17,1,Node_1_592_98_3650,98,255.540,-44.979,861.152
1,1,17,3,p17,1,Node_1_667_953_3650,953,732.048,-44.484,1755.444
1,1,17,3,p17,1,Node_1_673_58_3650,58,697.134,63.897,1395.732
1,1,17,3,p17,1,Node_1_863_936_3650,936,259.481,-44.867,852.136
1,1,17,3,p17,1,Node_1_888_2009_3650,2009,2527.153,1633.467,3649.891
1,1,17,3,p17,1,Node_1_958_2938_3650,2938,2117.118,961.623,3404.974
1,1,17,3,p17,1,Node_1_1059_987_3650,987,1128.875,101.131,2394.118
1,1,17,3,p17,1,Node_1_1075_85_3650,85,292.579,-44.912,887.641
1,1,17,3,p17,1,Node_1_1078_419_3650,419,863.092,198.078,1772.984
1,1,18,3,p17,1,Node_1_58_2039_3650,2039,3287.307,2659.213,3649.872
1,1,18,3,p17,1,Node_1_71_3276_3650,3276,2984.052,2059.043,3649.739
1,1,18,3,p17,1,Node_1_101_1132_3650,1132,2269.919,1174.110,3502.002
1,1,18,3,p17,1,Node_1_122_3045_3650,3045,2726.968,1732.570,3649.439
1,1,18,3,p17,1,Node_1_194_2964_3650,2964,3014.352,2315.346,3649.568
1,1,18,3,p17,1,Node_1_280_2772_3650,2772,2957.734,2026.765,3649.974
1,1,18,3,p17,1,Node_1_410_1132_3650,1132,2617.335,1541.659,3649.914
1,1,18,3,p17,1,Node_1_455_2901_3650,2901,2873.832,2019.805,3649.648
1,1,18,3,p17,1,Node_1_496_2163_3650,2163,2747.779,2040.511,3592.048
1,1,18,3,p17,1,Node_1_525_2180_3650,2180,2355.753,1175.551,3639.640
1,1,18,3,p17,1,Node_1_553_941_3650,941,1258.550,493.368,2281.955
1,1,18,3,p17,1,Node_1_592_98_3650,98,626.751,45.567,1383.806
1,1,18,3,p17,1,Node_1_667_953_3650,953,1240.767,368.690,2288.535
1,1,18,3,p17,1,Node_1_673_58_3650,58,910.673,293.954,1757.368
1,1,18,3,p17,1,Node_1_863_936_3650,936,1659.537,429.793,3086.825
1,1,18,3,p17,1,Node_1_888_2009_3650,2009,2677.839,1818.160,3649.907
1,1,18,3,p17,1,Node_1_958_2938_3650,2938,2270.428,1224.236,3632.206
1,1,18,3,p17,1,Node_1_1059_987_3650,987,1129.276,223.382,2190.154
1,1,18,3,p17,1,Node_1_1075_85_3650,85,297.572,-44.924,974.199
1,1,18,3,p17,1,Node_1_1078_419_3650,419,1643.674,349.345,3029.167
1,1,19,3,p17,1,Node_1_58_2039_3650,2039,2114.401,896.543,3585.651
1,1,19,3,p17,1,Node_1_71_3276_3650,3276,3267.054,2659.950,3649.864
1,1,19,3,p17,1,Node_1_101_1132_3650,1132,2736.974,1693.001,3646.228
1,1,19,3,p17,1,Node_1_122_3045_3650,3045,3224.698,2512.516,3649.936
1,1,19,3,p17,1,Node_1_194_2964_3650,2964,2520.763,1702.833,3374.756
1,1,19,3,p17,1,Node_1_280_2772_3650,2772,3083.432,2278.489,3649.829
1,1,19,3,p17,1,Node_1_410_1132_3650,1132,2356.719,1291.459,3623.450
1,1,19,3,p17,1,Node_1_455_2901_3650,2901,2754.370,1710.357,3649.597
1,1,19,3,p17,1,Node_1_496_2163_3650,2163,2399.123,1421.001,3546.896
1,1,19,3,p17,1,Node_1_525_2180_3650,2180,2811.523,1825.145,3649.932
1,1,19,3,p17,1,Node_1_553_941_3650,941,2113.023,969.414,3490.526
1,1,19,3,p17,1,Node_1_592_98_3650,98,268.444,-44.846,893.716
1,1,19,3,p17,1,Node_1_667_953_3650,953,1277.389,316.765,2364.924
1,1,19,3,p17,1,Node_1_673_58_3650,58,262.042,-44.998,880.720
1,1,19,3,p17,1,Node_1_863_936_3650,936,1855.182,681.847,3245.926
1,1,19,3,p17,1,Node_1_888_2009_3650,2009,2068.572,1033.578,3349.139
1,1,19,3,p17,1,Node_1_958_2938_3650,2938,3033.332,2191.825,3649.961
1,1,19,3,p17,1,Node_1_1059_987_3650,987,1088.071,180.008,2072.131
1,1,19,3,p17,1,Node_1_1075_85_3650,85,400.303,-44.755,1219.775
1,1,19,3,p17,1,Node_1_1078_419_3650,419,1390.280,332.965,2669.419
1,1,20,3,p17,1,Node_1_58_2039_3650,2039,2477.965,1374.319,3649.989
1,1,20,3,p17,1,Node_1_71_3276_3650,3276,2925.765,2073.699,3649.927
1,1,20,3,p17,1,Node_1_101_1132_3650,1132,1842.905,511.599,3249.863
1,1,20,3,p17,1,Node_1_122_3045_3650,3045,3001.924,2139.115,3649.805
1,1,20,3,p17,1,Node_1_194_2964_3650,2964,3294.640,2684.654,3649.960
1,1,20,3,p17,1,Node_1_280_2772_3650,2772,2760.219,1734.596,3649.842
1,1,20,3,p17,1,Node_1_410_1132_3650,1132,1803.569,565.791,3308.398
1,1,20,3,p17,1,Node_1_455_2901_3650,2901,2384.348,1259.377,3646.815
1,1,20,3,p17,1,Node_1_496_2163_3650,2163,2448.752,1546.110,3527.498
1,1,20,3,p17,1,Node_1_525_2180_3650,2180,2773.258,1790.112,3649.715
1,1,20,3,p17,1,Node_1_553_941_3650,941,1714.940,737.449,2942.765
1,1,20,3,p17,1,Node_1_592_98_3650,98,898.761,137.942,1766.631
1,1,20,3,p17,1,Node_1_667_953_3650,953,1152.776,223.925,2287.047
1,1,20,3,p17,1,Node_1_673_58_3650,58,387.978,-44.251,1135.444
1,1,20,3,p17,1,Node_1_863_936_3650,936,2142.104,866.125,3631.489
1,1,20,3,p17,1,Node_1_888_2009_3650,2009,2325.268,1266.895,3629.967
1,1,20,3,p17,1,Node_1_958_2938_3650,2938,2561.498,1451.784,3647.846
1,1,20,3,p17,1,Node_1_1059_987_3650,987,1807.908,638.652,3219.277
1,1,20,3,p17,1,Node_1_1075_85_3650,85,318.538,-44.960,1048.662
1,1,20,3,p17,1,Node_1_1078_419_3650,419,1085.507,-44.447,2486.332
1,1,21,3,p17,1,Node_1_58_2039_3650,2039,2374.865,1372.786,3622.896
1,1,21,3,p17,1,Node_1_71_3276_3650,3276,3299.088,2748.893,3649.985
1,1,21,3,p17,1,Node_1_101_1132_3650,1132,1986.646,795.887,3347.876
1,1,21,3,p17,1,Node_1_122_3045_3650,3045,2849.557,1901.159,3649.905
1,1,21,3,p17,1,Node_1_194_2964_3650,2964,3128.716,2486.117,3649.788
1,1,21,3,p17,1,Node_1_280_2772_3650,2772,2226.784,1126.548,3521.936
1,1,21,3,p17,1,Node_1_410_1132_3650,1132,1843.397,668.974,3200.195
1,1,21,3,p17,1,Node_1_455_2901_3650,2901,2537.849,1520.002,3642.094
1,1,21,3,p17,1,Node_1_496_2163_3650,2163,2415.634,1511.228,3481.444
1,1,21,3,p17,1,Node_1_525_2180_3650,2180,2923.038,2009.933,3649.865
1,1,21,3,p17,1,Node_1_553_941_3650,941,1293.115,323.838,2466.801
1,1,21,3,p17,1,Node_1_592_98_3650,98,758.435,81.071,1542.665
1,1,21,3,p17,1,Node_1_667_953_3650,953,491.276,-44.334,1179.231
1,1,21,3,p17,1,Node_1_673_58_3650,58,276.562,-44.966,916.957
1,1,21,3,p17,1,Node_1_863_936_3650,936,1222.491,198.976,2424.404
1,1,21,3,p17,1,Node_1_888_2009_3650,2009,1813.098,873.126,2842.582
1,1,21,3,p17,1,Node_1_958_2938_3650,2938,3008.453,2110.415,3649.846
1,1,21,3,p17,1,Node_1_1059_987_3650,987,991.375,135.396,2036.948
1,1,21,3,p17,1,Node_1_1075_85_3650,85,323.846,-44.944,993.889
1,1,21,3,p17,1,Node_1_1078_419_3650,419,693.800,53.322,1439.142
1,1,22,3,p17,1,Node_1_58_2039_3650,2039,3105.741,2302.550,3649.997
1,1,22,3,p17,1,Node_1_71_3276_3650,3276,3092.122,2269.763,3649.888
1,1,22,3,p17,1,Node_1_101_1132_3650,1132,2057.853,764.957,3508.935
1,1,22,3,p17,1,Node_1_122_3045_3650,3045,2941.814,1951.431,3649.911
1,1,22,3,p17,1,Node_1_194_2964_3650,2964,3109.601,2497.823,3649.811
1,1,22,3,p17,1,Node_1_280_2772_3650,2772,2735.725,1669.859,3649.387
1,1,22,3,p17,1,Node_1_410_1132_3650,1132,1848.429,635.346,3249.084
1,1,22,3,p17,1,Node_1_455_2901_3650,2901,2815.710,1875.424,3649.860
1,1,22,3,p17,1,Node_1_496_2163_3650,2163,3057.349,2392.147,3649.579
1,1,22,3,p17,1,Node_1_525_2180_3650,2180,3051.682,2215.189,3649.922
1,1,22,3,p17,1,Node_1_553_941_3650,941,1533.052,571.224,2725.823
1,1,22,3,p17,1,Node_1_592_98_3650,98,675.427,-44.450,1779.185
1,1,22,3,p17,1,Node_1_667_953_3650,953,2099.344,992.996,3440.470
1,1,22,3,p17,1,Node_1_673_58_3650,58,287.938,-44.819,963.883
1,1,22,3,p17,1,Node_1_863_936_3650,936,2106.044,968.914,3447.104
1,1,22,3,p17,1,Node_1_888_2009_3650,2009,2644.731,1714.169,3626.783
1,1,22,3,p17,1,Node_1_958_2938_3650,2938,2595.409,1471.609,3649.905
1,1,22,3,p17,1,Node_1_1059_987_3650,987,1793.092,490.530,3235.329
1,1,22,3,p17,1,Node_1_1075_85_3650,85,287.106,-44.993,953.620
1,1,22,3,p17,1,Node_1_1078_419_3650,419,1442.325,430.557,2629.202
1,1,23,3,p17,1,Node_1_58_2039_3650,2039,2443.299,1369.251,3635.366
1,1,23,3,p17,1,Node_1_71_3276_3650,3276,3000.948,2127.923,3649.916
1,1,23,3,p17,1,Node_1_101_1132_3650,1132,2270.794,1180.724,3574.015
1,1,23,3,p17,1,Node_1_122_3045_3650,3045,2519.380,1560.185,3648.173
1,1,23,3,p17,1,Node_1_194_2964_3650,2964,3053.821,2411.790,3649.973
1,1,23,3,p17,1,Node_1_280_2772_3650,2772,2870.903,1804.523,3649.372
1,1,23,3,p17,1,Node_1_410_1132_3650,1132,1871.233,620.276,3224.817
1,1,23,3,p17,1,Node_1_455_2901_3650,2901,2752.084,1761.958,3649.686
1,1,23,3,p17,1,Node_1_496_2163_3650,2163,2610.760,1870.561,3617.724
1,1,23,3,p17,1,Node_1_525_2180_3650,2180,3133.870,2337.577,3649.923
1,1,23,3,p17,1,Node_1_553_941_3650,941,723.340,28.790,1722.316
1,1,23,3,p17,1,Node_1_592_98_3650,98,463.009,-44.403,1178.941
1,1,23,3,p17,1,Node_1_667_953_3650,953,862.072,-38.133,2019.097
1,1,23,3,p17,1,Node_1_673_58_3650,58,315.436,-44.915,973.597
1,1,23,3,p17,1,Node_1_863_936_3650,936,997.413,33.690,2172.987
1,1,23,3,p17,1,Node_1_888_2009_3650,2009,2204.168,1227.743,3371.463
1,1,23,3,p17,1,Node_1_958_2938_3650,2938,2497.916,1365.908,3649.978
1,1,23,3,p17,1,Node_1_1059_987_3650,987,865.620,-41.966,1985.214
1,1,23,3,p17,1,Node_1_1075_85_3650,85,510.215,-37.795,1198.576
1,1,23,3,p17,1,Node_1_1078_419_3650,419,292.435,-44.949,971.278
1,1,24,3,p17,1,Node_1_58_2039_3650,2039,2803.834,1825.560,3649.995
1,1,24,3,p17,1,Node_1_71_3276_3650,3276,2260.908,1240.521,3378.579
1,1,24,3,p17,1,Node_1_101_1132_3650,1132,954.370,128.591,1922.361
1,1,24,3,p17,1,Node_1_122_3045_3650,3045,3167.075,2463.881,3649.581
1,1,24,3,p17,1,Node_1_194_2964_3650,2964,2952.554,2199.809,3649.603
1,1,24,3,p17,1,Node_1_280_2772_3650,2772,3186.592,2473.317,3649.915
1,1,24,3,p17,1,Node_1_410_1132_3650,1132,1482.291,337.579,2737.583
1,1,24,3,p17,1,Node_1_455_2901_3650,2901,3256.245,2682.954,3649.947
1,1,24,3,p17,1,Node_1_496_2163_3650,2163,2316.028,1375.563,3333.130
1,1,24,3,p17,1,Node_1_525_2180_3650,2180,1940.586,818.980,3206.512
1,1,24,3,p17,1,Node_1_553_941_3650,941,919.410,-28.268,1951.596
1,1,24,3,p17,1,Node_1_592_98_3650,98,236.757,-44.931,790.257
1,1,24,3,p17,1,Node_1_667_953_3650,953,1680.565,838.847,2794.575
1,1,24,3,p17,1,Node_1_673_58_3650,58,263.412,-44.832,825.176
1,1,24,3,p17,1,Node_1_863_936_3650,936,2123.581,980.539,3354.827
1,1,24,3,p17,1,Node_1_888_2009_3650,2009,2131.596,1148.784,3265.854
1,1,24,3,p17,1,Node_1_958_2938_3650,2938,2644.370,1552.149,3649.737
1,1,24,3,p17,1,Node_1_1059_987_3650,987,834.269,126.468,1669.592
1,1,24,3,p17,1,Node_1_1075_85_3650,85,232.547,-44.908,796.063
1,1,24,3,p17,1,Node_1_1078_419_3650,419,1683.456,645.989,2926.361
1,1,25,3,p17,1,Node_1_58_2039_3650,2039,2965.708,2010.610,3649.965
1,1,25,3,p17,1,Node_1_71_3276_3650,3276,3112.720,2317.337,3650.000
1,1,25,3,p17,1,Node_1_101_1132_3650,1132,2409.574,1313.349,3645.542
1,1,25,3,p17,1,Node_1_122_3045_3650,3045,3181.646,2467.654,3649.976
1,1,25,3,p17,1,Node_1_194_2964_3650,2964,3089.700,2470.340,3647.951
1,1,25,3,p17,1,Node_1_280_2772_3650,2772,3125.686,2309.481,3649.906
1,1,25,3,p17,1,Node_1_410_1132_3650,1132,300.621,-44.852,1001.012
1,1,25,3,p17,1,Node_1_455_2901_3650,2901,1683.911,594.230,2921.794
1,1,25,3,p17,1,Node_1_496_2163_3650,2163,1939.913,691.957,3288.793
1,1,25,3,p17,1,Node_1_525_2180_3650,2180,2990.672,2083.144,3649.226
1,1,25,3,p17,1,Node_1_553_941_3650,941,1208.126,440.359,2298.851
1,1,25,3,p17,1,Node_1_592_98_3650,98,882.977,58.064,1905.552
1,1,25,3,p17,1,Node_1_667_953_3650,953,1015.669,-43.446,2322.831
1,1,25,3,p17,1,Node_1_673_58_3650,58,316.748,-44.768,1000.554
1,1,25,3,p17,1,Node_1_863_936_3650,936,1392.908,225.981,2755.535
1,1,25,3,p17,1,Node_1_888_2009_3650,2009,2438.304,1304.206,3642.385
1,1,25,3,p17,1,Node_1_958_2938_3650,2938,2606.893,1609.618,3649.364
1,1,25,3,p17,1,Node_1_1059_987_3650,987,1148.294,100.867,2297.780
1,1,25,3,p17,1,Node_1_1075_85_3650,85,885.587,86.762,1970.431
1,1,25,3,p17,1,Node_1_1078_419_3650,419,706.729,-43.125,1678.782
1,1,26,3,p17,1,Node_1_58_2039_3650,2039,2273.506,1153.248,3632.323
1,1,26,3,p17,1,Node_1_71_3276_3650,3276,2757.225,1718.313,3649.761
1,1,26,3,p17,1,Node_1_101_1132_3650,1132,1621.165,394.630,3150.038
1,1,26,3,p17,1,Node_1_122_3045_3650,3045,2673.352,1938.515,3645.666
1,1,26,3,p17,1,Node_1_194_2964_3650,2964,3051.046,2459.967,3649.728
1,1,26,3,p17,1,Node_1_280_2772_3650,2772,2865.360,1888.974,3649.753
1,1,26,3,p17,1,Node_1_410_1132_3650,1132,2066.434,931.165,3534.881
1,1,26,3,p17,1,Node_1_455_2901_3650,2901,3294.986,2715.035,3649.965
1,1,26,3,p17,1,Node_1_496_2163_3650,2163,2341.887,1399.672,3378.535
1,1,26,3,p17,1,Node_1_525_2180_3650,2180,2413.348,1262.943,3649.022
1,1,26,3,p17,1,Node_1_553_941_3650,941,876.235,-39.434,1969.366
1,1,26,3,p17,1,Node_1_592_98_3650,98,414.030,-44.945,1127.620
1,1,26,3,p17,1,Node_1_667_953_3650,953,717.601,5.467,1449.484
1,1,26,3,p17,1,Node_1_673_58_3650,58,447.427,-44.444,1125.176
1,1,26,3,p17,1,Node_1_863_936_3650,936,1132.310,-11.804,2422.647
1,1,26,3,p17,1,Node_1_888_2009_3650,2009,2412.296,1373.661,3603.169
1,1,26,3,p17,1,Node_1_958_2938_3650,2938,3095.056,2249.039,3649.967
1,1,26,3,p17,1,Node_1_1059_987_3650,987,1369.839,214.926,2747.493
1,1,26,3,p17,1,Node_1_1075_85_3650,85,542.318,-31.947,1242.807
1,1,26,3,p17,1,Node_1_1078_419_3650,419,804.586,-24.852,1771.348
1,1,27,3,p17,1,Node_1_58_2039_3650,2039,2188.922,1090.079,3444.266
1,1,27,3,p17,1,Node_1_71_3276_3650,3276,3072.201,2247.257,3649.959
1,1,27,3,p17,1,Node_1_101_1132_3650,1132,905.802,216.524,1860.602
1,1,27,3,p17,1,Node_1_122_3045_3650,3045,3309.986,2735.514,3649.952
1,1,27,3,p17,1,Node_1_194_2964_3650,2964,3002.079,2333.070,3649.603
1,1,27,3,p17,1,Node_1_280_2772_3650,2772,2303.145,1083.698,3620.976
1,1,27,3,p17,1,Node_1_410_1132_3650,1132,920.212,40.525,2079.816
1,1,27,3,p17,1,Node_1_455_2901_3650,2901,2890.721,2013.233,3649.923
1,1,27,3,p17,1,Node_1_496_2163_3650,2163,2983.134,2165.649,3649.909
1,1,27,3,p17,1,Node_1_525_2180_3650,2180,2391.580,1322.208,3649.844
1,1,27,3,p17,1,Node_1_553_941_3650,941,2244.414,1160.645,3588.931
1,1,27,3,p17,1,Node_1_592_98_3650,98,278.163,-44.983,934.814
1,1,27,3,p17,1,Node_1_667_953_3650,953,312.943,-44.836,949.615
1,1,27,3,p17,1,Node_1_673_58_3650,58,272.331,-44.952,916.332
1,1,27,3,p17,1,Node_1_863_936_3650,936,1242.398,255.217,2448.445
1,1,27,3,p17,1,Node_1_888_2009_3650,2009,2744.970,1806.641,3649.227
1,1,27,3,p17,1,Node_1_958_2938_3650,2938,2788.323,1827.245,3649.064
1,1,27,3,p17,1,Node_1_1059_987_3650,987,1723.916,554.985,3020.986
1,1,27,3,p17,1,Node_1_1075_85_3650,85,632.807,-40.875,1540.828
1,1,27,3,p17,1,Node_1_1078_419_3650,419,1487.204,400.414,2742.595
1,1,28,3,p17,1,Node_1_58_2039_3650,2039,1686.406,563.689,2957.171
1,1,28,3,p17,1,Node_1_71_3276_3650,3276,3354.572,2833.148,3649.963
1,1,28,3,p17,1,Node_1_101_1132_3650,1132,3004.058,2136.920,3649.803
1,1,28,3,p17,1,Node_1_122_3045_3650,3045,2636.111,1710.094,3649.363
1,1,28,3,p17,1,Node_1_194_2964_3650,2964,2913.528,2105.762,3649.650
1,1,28,3,p17,1,Node_1_280_2772_3650,2772,2964.517,2040.540,3649.957
1,1,28,3,p17,1,Node_1_410_1132_3650,1132,1931.026,723.203,3377.115
1,1,28,3,p17,1,Node_1_455_2901_3650,2901,2129.855,941.498,3464.449
1,1,28,3,p17,1,Node_1_496_2163_3650,2163,2527.984,1627.722,3400.764
1,1,28,3,p17,1,Node_1_525_2180_3650,2180,326.624,-44.921,1078.534
1,1,28,3,p17,1,Node_1_553_941_3650,941,1430.228,215.132,2834.874
1,1,28,3,p17,1,Node_1_592_98_3650,98,612.284,39.501,1384.067
1,1,28,3,p17,1,Node_1_667_953_3650,953,723.416,-44.797,1749.479
1,1,28,3,p17,1,Node_1_673_58_3650,58,729.411,41.089,1554.666
1,1,28,3,p17,1,Node_1_863_936_3650,936,2899.810,1936.785,3649.994
1,1,28,3,p17,1,Node_1_888_2009_3650,2009,1141.599,298.332,2058.424
1,1,28,3,p17,1,Node_1_958_2938_3650,2938,2646.597,1660.179,3649.773
1,1,28,3,p17,1,Node_1_1059_987_3650,987,1480.859,141.236,3069.561
1,1,28,3,p17,1,Node_1_1075_85_3650,85,468.602,-44.916,1258.238
1,1,28,3,p17,1,Node_1_1078_419_3650,419,323.536,-44.994,1061.406
1,1,29,3,p17,1,Node_1_58_2039_3650,2039,2278.926,1201.667,3648.722
1,1,29,3,p17,1,Node_1_71_3276_3650,3276,1501.251,366.059,2853.877
1,1,29,3,p17,1,Node_1_101_1132_3650,1132,615.941,-35.043,1404.748
1,1,29,3,p17,1,Node_1_122_3045_3650,3045,2618.855,1513.807,3646.369
1,1,29,3,p17,1,Node_1_194_2964_3650,2964,3107.017,2599.900,3648.056
1,1,29,3,p17,1,Node_1_280_2772_3650,2772,2709.757,1682.950,3648.298
1,1,29,3,p17,1,Node_1_410_1132_3650,1132,1027.122,121.727,2208.702
1,1,29,3,p17,1,Node_1_455_2901_3650,2901,2507.839,1535.913,3629.876
1,1,29,3,p17,1,Node_1_496_2163_3650,2163,2240.142,1217.582,3451.894
1,1,29,3,p17,1,Node_1_525_2180_3650,2180,1799.256,623.690,3149.785
1,1,29,3,p17,1,Node_1_553_941_3650,941,989.307,11.908,2178.408
1,1,29,3,p17,1,Node_1_592_98_3650,98,779.323,122.008,1606.100
1,1,29,3,p17,1,Node_1_667_953_3650,953,755.237,147.863,1572.224
1,1,29,3,p17,1,Node_1_673_58_3650,58,301.792,-44.919,989.635
1,1,29,3,p17,1,Node_1_863_936_3650,936,1294.913,204.398,2519.917
1,1,29,3,p17,1,Node_1_888_2009_3650,2009,2222.329,1272.319,3366.814
1,1,29,3,p17,1,Node_1_958_2938_3650,2938,2984.477,2109.511,3649.774
1,1,29,3,p17,1,Node_1_1059_987_3650,987,434.265,-44.975,1147.125
1,1,29,3,p17,1,Node_1_1075_85_3650,85,310.820,-44.884,1036.062
1,1,29,3,p17,1,Node_1_1078_419_3650,419,1187.213,222.092,2357.492
1,1,30,3,p17,1,Node_1_58_2039_3650,2039,2748.127,1679.707,3649.836
1,1,30,3,p17,1,Node_1_71_3276_3650,3276,2855.989,2031.389,3649.235
1,1,30,3,p17,1,Node_1_101_1132_3650,1132,628.149,-44.855,1568.119
1,1,30,3,p17,1,Node_1_122_3045_3650,3045,2869.097,1917.138,3648.908
1,1,30,3,p17,1,Node_1_194_2964_3650,2964,2941.028,2204.587,3649.900
1,1,30,3,p17,1,Node_1_280_2772_3650,2772,2430.463,1278.160,3648.423
1,1,30,3,p17,1,Node_1_410_1132_3650,1132,1563.731,260.442,3018.593
1,1,30,3,p17,1,Node_1_455_2901_3650,2901,3024.551,2283.954,3649.990
1,1,30,3,p17,1,Node_1_496_2163_3650,2163,2992.179,2225.211,3646.444
1,1,30,3,p17,1,Node_1_525_2180_3650,2180,2413.185,1372.330,3604.293
1,1,30,3,p17,1,Node_1_553_941_3650,941,2316.801,1256.798,3620.798
1,1,30,3,p17,1,Node_1_592_98_3650,98,1041.588,176.164,1868.339
1,1,30,3,p17,1,Node_1_667_953_3650,953,2259.994,1122.652,3532.338
1,1,30,3,p17,1,Node_1_673_58_3650,58,281.762,-44.986,929.106
1,1,30,3,p17,1,Node_1_863_936_3650,936,983.196,-44.088,2137.530
1,1,30,3,p17,1,Node_1_888_2009_3650,2009,2528.544,1576.088,3649.482
1,1,30,3,p17,1,Node_1_958_2938_3650,2938,2984.116,2092.932,3649.857
1,1,30,3,p17,1,Node_1_1059_987_3650,987,1963.470,786.737,3387.696
1,1,30,3,p17,1,Node_1_1075_85_3650,85,457.025,-44.922,1180.341
1,1,30,3,p17,1,Node_1_1078_419_3650,419,2323.499,1228.896,3649.650
