batch,rep,ali,sub,gene,nodeName,trueDate,nodeDate,lowCI,highCI
10,2,1,1,tat,Node_1_556_477_1825,477,-216.622259476147,-2915.59516681518,2482.35064786288
10,2,1,1,tat,Node_1_13_1401_1825,1401,902.487073443939,-1752.77301460354,3557.74716149141
10,2,1,1,tat,Node_1_1020_1397_1825,1397,2796.29692521778,148.13042233766,5444.46342809789
10,2,1,1,tat,Node_1_257_1053_1825,1053,523.865463278297,-2142.96369054785,3190.69461710445
10,2,1,1,tat,Node_1_163_430_1825,430,524.216363751111,-2142.60052790128,3191.0332554035
10,2,1,1,tat,Node_1_24_713_1825,713,1300.75911008713,-1345.95141689791,3947.46963707217
10,2,1,1,tat,Node_1_397_1696_1825,1696,2011.24484241603,-629.531499622047,4652.02118445411
10,2,1,1,tat,Node_1_1280_381_1825,381,-217.411785539978,-2916.42557209199,2481.60200101203
10,2,1,1,tat,Node_1_823_570_1825,570,-217.411785539978,-2916.42557209199,2481.60200101203
10,2,1,1,tat,Node_1_188_1167_1825,1167,-1653.6402767617,-4449.30531001579,1142.02475649239
10,2,1,1,tat,Node_1_594_3257_3650,3257,5273.30336280746,2508.5772971435,8038.02942847141
10,2,1,1,tat,Node_1_1296_3180_3650,3180,5280.93544809115,2515.64243091525,8046.22846526704
10,2,1,1,tat,Node_1_1251_3330_3650,3330,4322.8017070742,1619.01614965852,7026.58726448988
10,2,1,1,tat,Node_1_807_1992_3650,1992,2061.51133514655,-579.299538332883,4702.32220862598
10,2,1,1,tat,Node_1_44_2106_3650,2106,2865.86294395303,216.337663564175,5515.38822434188
10,2,1,1,tat,Node_1_678_2398_3650,2398,3563.71625926065,894.289668340429,6233.14285018087
10,2,1,1,tat,Node_1_1011_2844_3650,2844,5891.41454566823,3076.92798065138,8705.90111068508
10,2,1,1,tat,Node_1_415_1450_3650,1450,1264.52863626915,-1382.80515233887,3911.86242487716
10,2,1,1,tat,Node_1_957_3444_3650,3444,4306.9234606794,1603.98926995445,7009.85765140434
10,2,1,1,tat,Node_1_424_3333_3650,3333,1264.87953674196,-1382.44806675646,3912.20714024039
10,2,1,1,tat,Node_1_429_3163_3650,3163,2013.0870698983,-627.689476621458,4653.86361641806
10,2,1,1,tat,Node_1_417_2090_3650,2090,522.725036741654,-2144.14398879119,3189.5940622745
10,2,1,1,tat,Node_1_63_1610_3650,1610,1293.30247503985,-1353.53379196427,3940.13874204397
10,2,1,1,tat,Node_1_750_236_3650,236,-216.70998459435,-2915.68743338224,2482.26746419354
10,2,1,1,tat,Node_1_977_3152_3650,3152,525.181340051348,-2141.60184528852,3191.96452539121
10,2,1,1,tat,Node_1_441_1628_3650,1628,2037.47465275883,-603.312209282358,4678.26151480002
10,2,1,1,tat,Node_1_737_3343_3650,3343,2033.9656480307,-606.818858352402,4674.7501544138
10,2,1,1,tat,Node_1_226_2252_3650,2252,1264.00228555993,-1383.34078616387,3911.34535728373
10,2,1,1,tat,Node_1_128_849_3650,849,521.58461020501,-2145.32431707418,3188.4935374842
10,2,1,1,tat,Node_1_882_2411_3650,2411,1682.01247379887,-960.023513215634,4324.04846081338
10,2,2,1,tat,Node_1_257_1053_1825,1053,1644.13786113894,-1222.90651756301,4511.18223984089
10,2,2,1,tat,Node_1_1020_1397_1825,1397,2491.07606643094,-377.281220047611,5359.4333529095
10,2,2,1,tat,Node_1_24_713_1825,713,9.28930212541158,-2907.12729168816,2925.70589593898
10,2,2,1,tat,Node_1_188_1167_1825,1167,1647.62719226626,-1219.38463642092,4514.63902095344
10,2,2,1,tat,Node_1_556_477_1825,477,9.48315385470693,-2906.9236172197,2925.88992492912
10,2,2,1,tat,Node_1_1280_381_1825,381,827.634377346329,-2055.61651025755,3710.8852649502
10,2,2,1,tat,Node_1_397_1696_1825,1696,11.0339676890697,-2905.29425458913,2927.36218996727
10,2,2,1,tat,Node_1_823_570_1825,570,2923.07464516595,46.9354452490638,5799.21384508283
10,2,2,1,tat,Node_1_163_430_1825,430,9.77393144864995,-2906.61810724183,2926.16597013913
10,2,2,1,tat,Node_1_13_1401_1825,1401,1648.88722850668,-1218.11292310619,4515.88738011954
10,2,2,1,tat,Node_1_1011_2844_3650,2844,5029.85523914935,2048.95478904114,8010.75568925755
10,2,2,1,tat,Node_1_1296_3180_3650,3180,2470.23700553168,-397.866031195375,5338.34004225873
10,2,2,1,tat,Node_1_226_2252_3650,2252,1647.72411813091,-1219.28681086738,4514.73504712919
10,2,2,1,tat,Node_1_63_1610_3650,1610,1642.68397316922,-1224.37406062686,4509.74200696531
10,2,2,1,tat,Node_1_750_236_3650,236,10.7431900951267,-2905.59975559765,2927.0861357879
10,2,2,1,tat,Node_1_417_2090_3650,2090,2486.5205507925,-381.78020106849,5354.82130265348
10,2,2,1,tat,Node_1_429_3163_3650,3163,4120.4967770242,1198.10259817047,7042.89095587792
10,2,2,1,tat,Node_1_424_3333_3650,3333,3303.60558977299,416.665754883234,6190.54542466276
10,2,2,1,tat,Node_1_1251_3330_3650,3330,3320.95531954494,433.435601681384,6208.4750374085
10,2,2,1,tat,Node_1_415_1450_3650,1450,1666.33388414327,-1200.50878986917,4533.17655815572
10,2,2,1,tat,Node_1_737_3343_3650,3343,3321.24609713888,433.716595867304,6208.77559841046
10,2,2,1,tat,Node_1_678_2398_3650,2398,3370.58136224459,481.361085898691,6259.80163859048
10,2,2,1,tat,Node_1_957_3444_3650,3444,1645.6886749733,-1221.34119832543,4512.71854827203
10,2,2,1,tat,Node_1_977_3152_3650,3152,847.116476140526,-2035.54959309905,3729.7825453801
10,2,2,1,tat,Node_1_807_1992_3650,1992,2517.43990161513,-351.255049969393,5386.13485319965
10,2,2,1,tat,Node_1_594_3257_3650,3257,2474.69559530547,-393.460899303144,5342.85208991409
10,2,2,1,tat,Node_1_441_1628_3650,1628,5731.01694401114,2692.00557871276,8770.02830930952
10,2,2,1,tat,Node_1_44_2106_3650,2106,1635.1237557267,-1232.00616247468,4502.25367392808
10,2,2,1,tat,Node_1_882_2411_3650,2411,1635.70531091459,-1231.41902543579,4502.82964726496
10,2,2,1,tat,Node_1_128_849_3650,849,1664.00766339173,-1202.85555443288,4530.87088121634
10,2,3,1,tat,Node_1_257_1053_1825,1053,2336.60338896473,53.4386133976418,4619.76816453182
10,2,3,1,tat,Node_1_556_477_1825,477,239.698864920572,-2074.25187349754,2553.64960333869
10,2,3,1,tat,Node_1_1280_381_1825,381,239.698864920572,-2074.25187349754,2553.64960333869
10,2,3,1,tat,Node_1_24_713_1825,713,239.426622155517,-2074.5338742018,2553.38711851284
10,2,3,1,tat,Node_1_13_1401_1825,1401,1658.44666121202,-624.857103649409,3941.75042607344
10,2,3,1,tat,Node_1_397_1696_1825,1696,238.700641448703,-2075.28588322467,2552.68716612208
10,2,3,1,tat,Node_1_1020_1397_1825,1397,937.547819345621,-1356.24071002259,3231.33634871383
10,2,3,1,tat,Node_1_163_430_1825,430,1633.40032682693,-650.089497996834,3916.89015165069
10,2,3,1,tat,Node_1_823_570_1825,570,1630.13341364627,-653.381628881457,3913.64845617399
10,2,3,1,tat,Node_1_188_1167_1825,1167,932.556701986274,-1361.34129864217,3226.45470261472
10,2,3,1,tat,Node_1_417_2090_3650,2090,932.828944751329,-1361.06307171562,3226.72096121827
10,2,3,1,tat,Node_1_44_2106_3650,2106,935.551372401882,-1358.28088496022,3229.38362976398
10,2,3,1,tat,Node_1_429_3163_3650,3163,239.426622155517,-2074.5338742018,2553.38711851284
10,2,3,1,tat,Node_1_415_1450_3650,1450,239.426622155517,-2074.5338742018,2553.38711851284
10,2,3,1,tat,Node_1_1251_3330_3650,3330,2392.41315580106,108.839023217889,4675.98728838424
10,2,3,1,tat,Node_1_128_849_3650,849,932.465954397921,-1361.43404128439,3226.36595008023
10,2,3,1,tat,Node_1_1296_3180_3650,3180,3062.03961024872,768.585944832282,5355.49327566515
10,2,3,1,tat,Node_1_977_3152_3650,3152,3066.75848484301,773.202804845397,5360.31416484062
10,2,3,1,tat,Node_1_957_3444_3650,3444,1624.96080111022,-658.594617290407,3908.51621951084
10,2,3,1,tat,Node_1_750_236_3650,236,239.426622155517,-2074.5338742018,2553.38711851284
10,2,3,1,tat,Node_1_1011_2844_3650,2844,937.547819345621,-1356.24071002259,3231.33634871383
10,2,3,1,tat,Node_1_424_3333_3650,3333,1650.0071354953,-633.357885422194,3933.3721564128
10,2,3,1,tat,Node_1_807_1992_3650,1992,931.83072127946,-1362.08324444697,3225.74468700589
10,2,3,1,tat,Node_1_441_1628_3650,1628,3050.60541411639,757.397067500701,5343.81376073209
10,2,3,1,tat,Node_1_63_1610_3650,1610,239.154379390462,-2074.81587636752,2553.12463514844
10,2,3,1,tat,Node_1_737_3343_3650,3343,3743.00951324034,1430.20582388783,6055.81320259285
10,2,3,1,tat,Node_1_594_3257_3650,3257,1627.22949081901,-656.308151280864,3910.76713291889
10,2,3,1,tat,Node_1_226_2252_3650,2252,962.594153730707,-1330.65264519045,3255.84095265187
10,2,3,1,tat,Node_1_678_2398_3650,2398,2381.61419278721,98.1242563692272,4665.10412920519
10,2,3,1,tat,Node_1_882_2411_3650,2411,2693.33215877551,406.450782103677,4980.21353544734
10,2,4,1,tat,Node_1_163_430_1825,430,1007.51375907345,-1371.59408868949,3386.62160683639
10,2,4,1,tat,Node_1_823_570_1825,570,131.779531554639,-2273.92482475073,2537.48388786001
10,2,4,1,tat,Node_1_257_1053_1825,1053,131.779531554639,-2273.92482475073,2537.48388786001
10,2,4,1,tat,Node_1_188_1167_1825,1167,4530.1313393202,2094.72659292086,6965.53608571953
10,2,4,1,tat,Node_1_1020_1397_1825,1397,996.061165696805,-1383.29131440024,3375.41364579385
10,2,4,1,tat,Node_1_13_1401_1825,1401,130.890009738977,-2274.84940196247,2536.62942144043
10,2,4,1,tat,Node_1_556_477_1825,477,994.838073200271,-1384.54069582387,3374.21684222441
10,2,4,1,tat,Node_1_1280_381_1825,381,131.445960873766,-2274.27153931729,2537.16346106482
10,2,4,1,tat,Node_1_397_1696_1825,1696,997.061877739426,-1382.26911665102,3376.39287212987
10,2,4,1,tat,Node_1_24_713_1825,713,3017.61068201467,638.286713327382,5396.93465070195
10,2,4,1,tat,Node_1_678_2398_3650,2398,997.617828874214,-1381.70123811885,3376.93689586728
10,2,4,1,tat,Node_1_977_3152_3650,3152,995.505214562017,-1383.8592111448,3374.86964026884
10,2,4,1,tat,Node_1_226_2252_3650,2252,5435.21978675584,2944.56827460899,7925.87129890268
10,2,4,1,tat,Node_1_882_2411_3650,2411,4575.27457146502,2137.48693438574,7013.0622085443
10,2,4,1,tat,Node_1_1011_2844_3650,2844,2755.53531707538,381.109332955684,5129.96130119507
10,2,4,1,tat,Node_1_63_1610_3650,1610,1862.900175059,-505.787103455653,4231.58745357365
10,2,4,1,tat,Node_1_807_1992_3650,1992,2745.86176733006,371.588792812589,5120.13474184753
10,2,4,1,tat,Node_1_594_3257_3650,3257,1864.45683823641,-504.225664064358,4233.13934053717
10,2,4,1,tat,Node_1_1251_3330_3650,3330,2742.19248984045,367.977035011646,5116.40794466926
10,2,4,1,tat,Node_1_441_1628_3650,1628,131.557151100724,-2274.15596754339,2537.27026974484
10,2,4,1,tat,Node_1_128_849_3650,849,4440.95677730013,2010.14148332271,6871.77207127754
10,2,4,1,tat,Node_1_429_3163_3650,3163,2726.06990693159,352.103810472319,5100.03600339086
10,2,4,1,tat,Node_1_424_3333_3650,3333,2725.95871670463,351.994320837995,5099.92311257127
10,2,4,1,tat,Node_1_415_1450_3650,1450,2750.64294708924,376.294594819639,5124.99129935884
10,2,4,1,tat,Node_1_417_2090_3650,2090,996.617116831594,-1382.72342416001,3375.9576578232
10,2,4,1,tat,Node_1_957_3444_3650,3444,5397.85987049805,2909.79373057064,7885.92601042546
10,2,4,1,tat,Node_1_44_2106_3650,2106,132.113102235513,-2273.57811244962,2537.80431692064
10,2,4,1,tat,Node_1_750_236_3650,236,131.334770646808,-2274.38711134291,2537.05665263652
10,2,4,1,tat,Node_1_737_3343_3650,3343,2312.55345287592,-56.9032955769362,4682.01020132877
10,2,4,1,tat,Node_1_1296_3180_3650,3180,4099.15801963217,1684.47271349573,6513.8433257686
10,2,5,1,tat,Node_1_24_713_1825,713,1790.59979451438,-553.534399533771,4134.73398856254
10,2,5,1,tat,Node_1_163_430_1825,430,71.2629536645682,-2311.62067044624,2454.14657777538
10,2,5,1,tat,Node_1_257_1053_1825,1053,929.084026959249,-1426.79804795278,3284.96610187128
10,2,5,1,tat,Node_1_13_1401_1825,1401,72.4582959253043,-2310.37728429791,2455.29387614852
10,2,5,1,tat,Node_1_556_477_1825,477,929.627364350494,-1426.24240747873,3285.49713617972
10,2,5,1,tat,Node_1_1280_381_1825,381,72.4582959253043,-2310.37728429791,2455.29387614852
10,2,5,1,tat,Node_1_823_570_1825,570,72.4582959253043,-2310.37728429791,2455.29387614852
10,2,5,1,tat,Node_1_397_1696_1825,1696,72.566963403553,-2310.2642506167,2455.39817742381
10,2,5,1,tat,Node_1_1020_1397_1825,1397,1785.16642060195,-558.992960096178,4129.32580130008
10,2,5,1,tat,Node_1_188_1167_1825,1167,117.337964441987,-2263.71456983728,2498.39049872125
10,2,5,1,tat,Node_1_737_3343_3650,3343,5373.1492174152,2912.84149965306,7833.45693517733
10,2,5,1,tat,Node_1_594_3257_3650,3257,5261.76505221035,2808.88294469394,7714.64715972677
10,2,5,1,tat,Node_1_415_1450_3650,1450,71.5889560993144,-2311.28156228674,2454.45947448537
10,2,5,1,tat,Node_1_44_2106_3650,2106,2672.32771302376,324.029006865152,5020.62641918238
10,2,5,1,tat,Node_1_957_3444_3650,3444,3525.04141484076,1157.21881839289,5892.86401128863
10,2,5,1,tat,Node_1_1251_3330_3650,3330,6239.77235644802,3714.12204884945,8765.42266404659
10,2,5,1,tat,Node_1_807_1992_3650,1992,2662.43897250314,314.277761500215,5010.60018350606
10,2,5,1,tat,Node_1_417_2090_3650,2090,1786.90510025393,-557.246152949924,4131.05635345779
10,2,5,1,tat,Node_1_424_3333_3650,3333,5292.40928107647,2837.5069194191,7747.31164273383
10,2,5,1,tat,Node_1_429_3163_3650,3163,7173.44332956024,4563.25582585507,9783.63083326541
10,2,5,1,tat,Node_1_750_236_3650,236,72.566963403553,-2310.2642506167,2455.39817742381
10,2,5,1,tat,Node_1_678_2398_3650,2398,927.888684698515,-1428.02047859397,3283.797847991
10,2,5,1,tat,Node_1_226_2252_3650,2252,2652.44156450426,304.417273059345,5000.46585594918
10,2,5,1,tat,Node_1_977_3152_3650,3152,5404.6627861073,2942.21298516021,7867.1125870544
10,2,5,1,tat,Node_1_1011_2844_3650,2844,2646.03018328759,298.092594663179,4993.96777191201
10,2,5,1,tat,Node_1_1296_3180_3650,3180,2681.67311615315,333.242583338304,5030.10364896799
10,2,5,1,tat,Node_1_63_1610_3650,1610,1797.3371781658,-546.766649470737,4141.44100580233
10,2,5,1,tat,Node_1_882_2411_3650,2411,2660.80896032941,312.670216319588,5008.94770433923
10,2,5,1,tat,Node_1_128_849_3650,849,1785.4924230367,-558.66542889806,4129.65027497146
10,2,5,1,tat,Node_1_441_1628_3650,1628,80.7170242721986,-2301.78740064606,2463.22144919046
10,2,6,1,tat,Node_1_24_713_1825,713,2181.45071359431,-556.73139885611,4919.63282604474
10,2,6,1,tat,Node_1_1280_381_1825,381,682.795814296562,-2076.56797369857,3442.15960229169
10,2,6,1,tat,Node_1_163_430_1825,430,1039.42634112451,-1709.91494343713,3788.76762568614
10,2,6,1,tat,Node_1_13_1401_1825,1401,680.63839659087,-2078.795381635,3440.07217481674
10,2,6,1,tat,Node_1_556_477_1825,477,-57.8550641446367,-2847.77014019182,2732.06001190254
10,2,6,1,tat,Node_1_397_1696_1825,1696,684.109025073941,-2075.21221506706,3443.43026521494
10,2,6,1,tat,Node_1_257_1053_1825,1053,679.981791202181,-2079.47331065191,3439.43689305628
10,2,6,1,tat,Node_1_823_570_1825,570,-58.042665684262,-2847.96711960506,2731.88178823654
10,2,6,1,tat,Node_1_1020_1397_1825,1397,5241.88843027377,2377.98133885762,8105.79552168993
10,2,6,1,tat,Node_1_188_1167_1825,1167,2940.20514060937,191.689514167638,5688.7207670511
10,2,6,1,tat,Node_1_957_3444_3650,3444,2951.36743221708,202.59452019916,5700.140344235
10,2,6,1,tat,Node_1_594_3257_3650,3257,1429.54374277559,-1312.38126456732,4171.4687501185
10,2,6,1,tat,Node_1_678_2398_3650,2398,3030.72288347864,280.033395341402,5781.41237161587
10,2,6,1,tat,Node_1_424_3333_3650,3333,2190.64318903596,-547.579396342271,4928.86577441419
10,2,6,1,tat,Node_1_441_1628_3650,1628,4625.52357183442,1804.46046093001,7446.58668273883
10,2,6,1,tat,Node_1_737_3343_3650,3343,2949.96042066989,201.220106865477,5698.7007344743
10,2,6,1,tat,Node_1_750_236_3650,236,-57.5736618351987,-2847.47467260994,2732.32734893954
10,2,6,1,tat,Node_1_807_1992_3650,1992,-57.8550641446367,-2847.77014019182,2732.06001190254
10,2,6,1,tat,Node_1_882_2411_3650,2411,1445.02086979469,-1296.68679842046,4186.72853800984
10,2,6,1,tat,Node_1_415_1450_3650,1450,1428.32433276802,-1313.61804821937,4170.26671375541
10,2,6,1,tat,Node_1_429_3163_3650,3163,2189.98658364727,-548.233041724017,4928.20620901856
10,2,6,1,tat,Node_1_128_849_3650,849,684.109025073941,-2075.21221506706,3443.43026521494
10,2,6,1,tat,Node_1_417_2090_3650,2090,1419.50706040563,-1322.56203170567,4161.57615251693
10,2,6,1,tat,Node_1_977_3152_3650,3152,4497.20411873063,1683.99567349761,7310.41256396365
10,2,6,1,tat,Node_1_1251_3330_3650,3330,2181.73211590375,-556.451204604796,4919.9154364123
10,2,6,1,tat,Node_1_226_2252_3650,2252,3660.4074512314,889.112594706275,6431.70230775652
10,2,6,1,tat,Node_1_1011_2844_3650,2844,7500.04816274508,4412.55608223449,10587.5402432557
10,2,6,1,tat,Node_1_63_1610_3650,1610,2636.19684564636,-106.481930081623,5378.87562137434
10,2,6,1,tat,Node_1_44_2106_3650,2106,1143.45139484681,-1603.54855255822,3890.45134225184
10,2,6,1,tat,Node_1_1296_3180_3650,3180,3519.80009728213,753.932345385994,6285.66784917827
10,2,7,1,tat,Node_1_397_1696_1825,1696,2569.6033407964,-293.425489788638,5432.63217138143
10,2,7,1,tat,Node_1_163_430_1825,430,771.401020758763,-2107.17023344634,3649.97227496386
10,2,7,1,tat,Node_1_13_1401_1825,1401,3540.63959459908,651.567263588891,6429.71192560928
10,2,7,1,tat,Node_1_1280_381_1825,381,756.348908677467,-2122.70111873853,3635.39893609347
10,2,7,1,tat,Node_1_24_713_1825,713,1684.0957548665,-1176.21382234612,4544.40533207912
10,2,7,1,tat,Node_1_257_1053_1825,1053,-140.243565994467,-3058.00152108569,2777.51438909676
10,2,7,1,tat,Node_1_823_570_1825,570,-139.893516876297,-3057.63250123008,2777.84546747749
10,2,7,1,tat,Node_1_556_477_1825,477,-140.010199915687,-3057.75550751875,2777.73510768737
10,2,7,1,tat,Node_1_1020_1397_1825,1397,1664.72637032778,-1195.74928271188,4525.20202336744
10,2,7,1,tat,Node_1_188_1167_1825,1167,776.185025373748,-2102.23525764876,3654.60530839626
10,2,7,1,tat,Node_1_594_3257_3650,3257,1666.94334807619,-1193.51280735831,4527.39950351068
10,2,7,1,tat,Node_1_424_3333_3650,3333,6246.16922893252,3164.52460954268,9327.81384832236
10,2,7,1,tat,Node_1_429_3163_3650,3163,5346.30962915767,2347.2308260307,8345.38843228464
10,2,7,1,tat,Node_1_415_1450_3650,1450,3534.6887595902,645.848504996529,6423.52901418387
10,2,7,1,tat,Node_1_417_2090_3650,2090,3534.6887595902,645.848504996529,6423.52901418387
10,2,7,1,tat,Node_1_441_1628_3650,1628,5332.77439658844,2334.80304453234,8330.74574864454
10,2,7,1,tat,Node_1_737_3343_3650,3343,2579.63808218393,-283.537101159719,5442.81326552757
10,2,7,1,tat,Node_1_678_2398_3650,2398,1682.11214319687,-1178.21399834891,4542.43828474266
10,2,7,1,tat,Node_1_1251_3330_3650,3330,5493.91367398588,2482.49357842315,8505.33376954862
10,2,7,1,tat,Node_1_63_1610_3650,1610,1668.69359366704,-1191.74725819472,4529.13444552879
10,2,7,1,tat,Node_1_1296_3180_3650,3180,3480.66451235268,593.890679640257,6367.4383450651
10,2,7,1,tat,Node_1_807_1992_3650,1992,1683.51233966955,-1176.80209890145,4543.82677824056
10,2,7,1,tat,Node_1_882_2411_3650,2411,766.967065261948,-2111.744629086,3645.67875960989
10,2,7,1,tat,Node_1_226_2252_3650,2252,802.672075315256,-2074.92279630695,3680.26694693746
10,2,7,1,tat,Node_1_750_236_3650,236,-139.660150797517,-3057.38648964239,2778.06618804735
10,2,7,1,tat,Node_1_977_3152_3650,3152,3577.04470288873,686.533376489768,6467.55602928769
10,2,7,1,tat,Node_1_957_3444_3650,3444,2580.68822953844,-282.502419036966,5443.87887811384
10,2,7,1,tat,Node_1_1011_2844_3650,2844,3512.98571426368,624.984363264083,6400.98706526327
10,2,7,1,tat,Node_1_44_2106_3650,2106,1661.80929434303,-1198.69220598674,4522.3107946728
10,2,7,1,tat,Node_1_128_849_3650,849,-1971.58386921883,-5027.63769356159,1084.46995512392
10,2,8,1,tat,Node_1_13_1401_1825,1401,697.436992550651,-2513.63994877943,3908.51393388073
10,2,8,1,tat,Node_1_257_1053_1825,1053,-268.034870628829,-3528.04475289747,2991.97501163981
10,2,8,1,tat,Node_1_556_477_1825,477,-268.034870628829,-3528.04475289747,2991.97501163981
10,2,8,1,tat,Node_1_1020_1397_1825,1397,696.807856708621,-2514.2925682889,3907.90828170614
10,2,8,1,tat,Node_1_1280_381_1825,381,2636.81113919282,-555.406557272027,5829.02883565766
10,2,8,1,tat,Node_1_823_570_1825,570,-268.034870628829,-3528.04475289747,2991.97501163981
10,2,8,1,tat,Node_1_24_713_1825,713,2642.97667044471,-549.352747175858,5835.30608806528
10,2,8,1,tat,Node_1_397_1696_1825,1696,1659.38569501476,-1528.89181274232,4847.66320277184
10,2,8,1,tat,Node_1_163_430_1825,430,1660.01483085679,-1528.25639927585,4848.28606098943
10,2,8,1,tat,Node_1_188_1167_1825,1167,-259.981931850844,-3519.47852582452,2999.51466212284
10,2,8,1,tat,Node_1_128_849_3650,849,2620.70526163684,-571.225712923795,5812.63623619748
10,2,8,1,tat,Node_1_678_2398_3650,2398,1661.02144820404,-1527.23976132355,4849.28265773163
10,2,8,1,tat,Node_1_44_2106_3650,2106,696.682029540215,-2514.42309352316,3907.78715260359
10,2,8,1,tat,Node_1_750_236_3650,236,-268.034870628829,-3528.04475289747,2991.97501163981
10,2,8,1,tat,Node_1_1011_2844_3650,2844,2639.83099123456,-552.441290188221,5832.10327265734
10,2,8,1,tat,Node_1_1296_3180_3650,3180,4711.57531903987,1421.76414613127,8001.38649194847
10,2,8,1,tat,Node_1_415_1450_3650,1450,1673.10085637102,-1515.0423710218,4861.24408376384
10,2,8,1,tat,Node_1_429_3163_3650,3163,2623.22180500496,-568.753481557344,5815.19709156727
10,2,8,1,tat,Node_1_417_2090_3650,2090,1660.51813953042,-1527.74807666983,4848.78435573066
10,2,8,1,tat,Node_1_424_3333_3650,3333,2624.35424952062,-567.641036448942,5816.34953549018
10,2,8,1,tat,Node_1_737_3343_3650,3343,697.311165382246,-2513.77047179307,3908.39280255756
10,2,8,1,tat,Node_1_63_1610_3650,1610,3600.89890351983,378.12631728629,6823.67148975337
10,2,8,1,tat,Node_1_226_2252_3650,2252,2666.88383244186,-525.889051343102,5859.65671622681
10,2,8,1,tat,Node_1_882_2411_3650,2411,4636.70815383828,1352.452559419,7920.96374825756
10,2,8,1,tat,Node_1_594_3257_3650,3257,5752.16600175775,2370.35212309987,9133.97988041562
10,2,8,1,tat,Node_1_441_1628_3650,1628,705.364104160231,-2505.41789437234,3916.1461026928
10,2,8,1,tat,Node_1_977_3152_3650,3152,697.18533821384,-2513.90099525083,3908.27167167851
10,2,8,1,tat,Node_1_957_3444_3650,3444,3602.28300237229,379.447794609842,6825.11821013475
10,2,8,1,tat,Node_1_807_1992_3650,1992,697.059511045433,-2514.03151915273,3908.15054124359
10,2,8,1,tat,Node_1_1251_3330_3650,3330,6680.01554158382,3194.18243427317,10165.8486488945
10,2,9,1,tat,Node_1_397_1696_1825,1696,2548.2589044429,-320.938175789601,5417.45598467539
10,2,9,1,tat,Node_1_823_570_1825,570,1692.19054095148,-1174.51783763118,4558.89891953414
10,2,9,1,tat,Node_1_13_1401_1825,1401,862.492971455033,-2019.80344086714,3744.78938377721
10,2,9,1,tat,Node_1_24_713_1825,713,2516.71736652735,-352.052818296146,5385.48755135085
10,2,9,1,tat,Node_1_257_1053_1825,1053,1715.04522908045,-1151.48395375474,4581.57441191564
10,2,9,1,tat,Node_1_1020_1397_1825,1397,866.629566591497,-2015.54551978989,3748.80465297288
10,2,9,1,tat,Node_1_556_477_1825,477,866.939811226732,-2015.22619320527,3749.10581565874
10,2,9,1,tat,Node_1_163_430_1825,430,51.203250315851,-2863.19699656594,2965.60349719764
10,2,9,1,tat,Node_1_188_1167_1825,1167,50.6861759237933,-2863.73974600501,2965.1120978526
10,2,9,1,tat,Node_1_1280_381_1825,381,50.3759312885586,-2864.06539881683,2964.81726139394
10,2,9,1,tat,Node_1_417_2090_3650,2090,3697.19820359603,795.158392543126,6599.23801464892
10,2,9,1,tat,Node_1_429_3163_3650,3163,1689.39833923437,-1177.33285508175,4556.12953355049
10,2,9,1,tat,Node_1_424_3333_3650,3333,3375.06085734382,485.598690623578,6264.52302406406
10,2,9,1,tat,Node_1_44_2106_3650,2106,2538.64132075062,-330.42288021651,5407.70552171774
10,2,9,1,tat,Node_1_807_1992_3650,1992,2109.88323485603,-755.677580413347,4975.4440501254
10,2,9,1,tat,Node_1_737_3343_3650,3343,2510.71930357948,-357.972596658124,5379.41120381708
10,2,9,1,tat,Node_1_750_236_3650,236,2510.9261333363,-357.768450963933,5379.62071763653
10,2,9,1,tat,Node_1_882_2411_3650,2411,5883.0784885825,2829.94851524852,8936.20846191647
10,2,9,1,tat,Node_1_957_3444_3650,3444,3350.03445676821,461.440487288751,6238.62842624767
10,2,9,1,tat,Node_1_977_3152_3650,3152,4180.9730048056,1255.21400399963,7106.73200561157
10,2,9,1,tat,Node_1_678_2398_3650,2398,863.320290482326,-2018.95182193187,3745.59240289652
10,2,9,1,tat,Node_1_128_849_3650,849,863.423705360737,-2018.84537078554,3745.69278150701
10,2,9,1,tat,Node_1_1251_3330_3650,3330,3339.79638380546,451.553038298684,6228.03972931223
10,2,9,1,tat,Node_1_415_1450_3650,1450,1682.36612750238,-1184.42341908692,4549.15567409168
10,2,9,1,tat,Node_1_594_3257_3650,3257,3415.39265992435,524.49815968424,6306.28716016447
10,2,9,1,tat,Node_1_1011_2844_3650,2844,1691.67346655942,-1175.03912199661,4558.38605511545
10,2,9,1,tat,Node_1_226_2252_3650,2252,866.422736834674,-2015.75840553598,3748.60387920533
10,2,9,1,tat,Node_1_63_1610_3650,1610,1685.46857385473,-1181.2950719537,4552.23221966315
10,2,9,1,tat,Node_1_441_1628_3650,1628,1687.53687142296,-1179.20964503163,4554.28338787755
10,2,9,1,tat,Node_1_1296_3180_3650,3180,3333.17783158711,445.159746103014,6221.19591707121
10,2,10,1,tat,Node_1_163_430_1825,430,1180.68396669229,-1200.79698759955,3562.16492098414
10,2,10,1,tat,Node_1_1020_1397_1825,1397,3228.4142954059,838.345485980185,5618.48310483161
10,2,10,1,tat,Node_1_397_1696_1825,1696,2547.73444397462,170.433755946473,4925.03513200277
10,2,10,1,tat,Node_1_257_1053_1825,1053,4623.44441358542,2177.17901317309,7069.70981399776
10,2,10,1,tat,Node_1_823_570_1825,570,496.921612450308,-1901.53715128588,2895.3803761865
10,2,10,1,tat,Node_1_1280_381_1825,381,523.083367074524,-1874.54584637691,2920.71258052596
10,2,10,1,tat,Node_1_188_1167_1825,1167,499.529884059369,-1898.84553782394,2897.90530594268
10,2,10,1,tat,Node_1_24_713_1825,713,-183.679200447363,-2608.6602201867,2241.30181929197
10,2,10,1,tat,Node_1_556_477_1825,477,-183.916316048187,-2608.90821554189,2241.07558344552
10,2,10,1,tat,Node_1_13_1401_1825,1401,-189.369974867133,-2614.61242013413,2235.87247039986
10,2,10,1,tat,Node_1_226_2252_3650,2252,-183.837277514579,-2608.82555029811,2241.15099526895
10,2,10,1,tat,Node_1_1296_3180_3650,3180,1870.53228802209,-503.850098586845,4244.91467463102
10,2,10,1,tat,Node_1_63_1610_3650,1610,1869.42574855158,-504.959892313993,4243.81138941715
10,2,10,1,tat,Node_1_882_2411_3650,2411,3293.3839700316,901.585744630396,5685.1821954328
10,2,10,1,tat,Node_1_1251_3330_3650,3330,1859.30881624977,-515.107791717249,4233.72542421678
10,2,10,1,tat,Node_1_1011_2844_3650,2844,2543.70347876062,166.449130627529,4920.9578268937
10,2,10,1,tat,Node_1_128_849_3650,849,496.921612450308,-1901.53715128588,2895.3803761865
10,2,10,1,tat,Node_1_807_1992_3650,1992,1891.24038382736,-483.085931291985,4265.56669894671
10,2,10,1,tat,Node_1_441_1628_3650,1628,503.481810739764,-1894.76760454363,2901.73122602316
10,2,10,1,tat,Node_1_977_3152_3650,3152,2596.73833481152,218.846622774065,4974.63004684898
10,2,10,1,tat,Node_1_957_3444_3650,3444,4080.2916106319,1660.60141078759,6499.98181047621
10,2,10,1,tat,Node_1_44_2106_3650,2106,1888.23691955026,-486.096959560508,4262.57079866103
10,2,10,1,tat,Node_1_594_3257_3650,3257,3038.64277621332,653.118088543501,5424.16746388314
10,2,10,1,tat,Node_1_737_3343_3650,3343,3237.34564970359,847.044340012263,5627.64695939492
10,2,10,1,tat,Node_1_750_236_3650,236,2552.31867892388,174.96486995099,4929.67248789677
10,2,10,1,tat,Node_1_424_3333_3650,3333,3912.17664964789,1499.51266122015,6324.84063807562
10,2,10,1,tat,Node_1_429_3163_3650,3163,3220.27332644429,830.414985244096,5610.13166764447
10,2,10,1,tat,Node_1_417_2090_3650,2090,3223.4348677886,833.494956389272,5613.37477918793
10,2,10,1,tat,Node_1_415_1450_3650,1450,1181.00012082673,-1200.47526103032,3562.47550268377
10,2,10,1,tat,Node_1_678_2398_3650,2398,506.406236483256,-1891.75014254515,2904.56261551166
10,2,11,1,tat,Node_1_257_1053_1825,1053,471.641023402678,-2810.26063214727,3753.54267895262
10,2,11,1,tat,Node_1_188_1167_1825,1167,-1076.3521617805,-4460.18203094249,2307.4777073815
10,2,11,1,tat,Node_1_397_1696_1825,1696,-130.753931351861,-3444.53661563294,3183.02875292922
10,2,11,1,tat,Node_1_24_713_1825,713,-1459.77771357058,-4878.68856195707,1959.1331348159
10,2,11,1,tat,Node_1_1280_381_1825,381,-475.331259936755,-3811.86213789403,2861.19961802052
10,2,11,1,tat,Node_1_163_430_1825,430,-475.955829441662,-3812.53086881026,2860.61920992693
10,2,11,1,tat,Node_1_556_477_1825,477,-474.831604332831,-3811.32716073784,2861.66395207218
10,2,11,1,tat,Node_1_13_1401_1825,1401,-475.081432134793,-3811.59464847405,2861.43178420447
10,2,11,1,tat,Node_1_1020_1397_1825,1397,3384.75810818818,109.550818857509,6659.96539751886
10,2,11,1,tat,Node_1_823_570_1825,570,1428.35659101865,-1824.1247384163,4680.8379204536
10,2,11,1,tat,Node_1_957_3444_3650,3444,3389.00518082155,113.627956646694,6664.3824049964
10,2,11,1,tat,Node_1_678_2398_3650,2398,3411.73951080015,135.443891365984,6688.03513023432
10,2,11,1,tat,Node_1_807_1992_3650,1992,2385.19707253561,-864.46781661053,5634.86196168175
10,2,11,1,tat,Node_1_977_3152_3650,3152,1912.77269902424,-1334.93743315004,5160.48283119851
10,2,11,1,tat,Node_1_441_1628_3650,1628,1786.67444871149,-1461.6176437786,5034.96654120159
10,2,11,1,tat,Node_1_1251_3330_3650,3330,444.659620790712,-2838.45198280375,3727.77122438518
10,2,11,1,tat,Node_1_882_2411_3650,2411,6181.58035116007,2688.43263017465,9674.7280721455
10,2,11,1,tat,Node_1_128_849_3650,849,2391.69259538664,-858.044635866978,5641.42982664026
10,2,11,1,tat,Node_1_750_236_3650,236,-475.955829441662,-3812.53086881026,2860.61920992693
10,2,11,1,tat,Node_1_737_3343_3650,3343,2894.22121903451,-364.838558373795,6153.28099644283
10,2,11,1,tat,Node_1_63_1610_3650,1610,490.503022450857,-2790.56504405847,3771.57108896019
10,2,11,1,tat,Node_1_415_1450_3650,1450,3405.24398794912,129.212270385193,6681.27570551305
10,2,11,1,tat,Node_1_424_3333_3650,3333,4340.84910629925,1014.58405537608,7667.11415722242
10,2,11,1,tat,Node_1_429_3163_3650,3163,8543.20256311302,4721.54622885192,12364.8588973741
10,2,11,1,tat,Node_1_417_2090_3650,2090,2412.0535612466,-837.918417017298,5662.02553951049
10,2,11,1,tat,Node_1_226_2252_3650,2252,2374.95413265514,-874.599181649385,5624.50744695967
10,2,11,1,tat,Node_1_44_2106_3650,2106,1425.10882959314,-1827.42759661209,4677.64525579837
10,2,11,1,tat,Node_1_594_3257_3650,3257,7635.70307248369,3953.81591046323,11317.5902345041
10,2,11,1,tat,Node_1_1296_3180_3650,3180,6447.6469602503,2923.46840883737,9971.82551166322
10,2,11,1,tat,Node_1_1011_2844_3650,2844,5330.79177157626,1925.49324826618,8736.09029488634
10,2,12,1,tat,Node_1_13_1401_1825,1401,3805.45886859241,1135.09806919236,6475.81966799246
10,2,12,1,tat,Node_1_163_430_1825,430,2416.41502158324,-217.875520111517,5050.705563278
10,2,12,1,tat,Node_1_24_713_1825,713,-38.5525849382983,-2720.03606803204,2642.93089815544
10,2,12,1,tat,Node_1_556_477_1825,477,-38.5525849382983,-2720.03606803204,2642.93089815544
10,2,12,1,tat,Node_1_1020_1397_1825,1397,1570.28350605383,-1064.29072462162,4204.85773672928
10,2,12,1,tat,Node_1_397_1696_1825,1696,765.22823951143,-1885.31436501792,3415.77084404078
10,2,12,1,tat,Node_1_1280_381_1825,381,1992.61400876507,-639.697412000439,4624.92542953058
10,2,12,1,tat,Node_1_257_1053_1825,1053,-38.1604489097824,-2719.62525742013,2643.30435960057
10,2,12,1,tat,Node_1_823_570_1825,570,1586.65518524436,-1047.75262852463,4221.06299901334
10,2,12,1,tat,Node_1_188_1167_1825,1167,3217.941063869,568.317883705565,5867.56424403244
10,2,12,1,tat,Node_1_424_3333_3650,3333,2584.54334380928,-51.7103620120752,5220.79704963063
10,2,12,1,tat,Node_1_807_1992_3650,1992,-38.5525849382983,-2720.03606803204,2642.93089815544
10,2,12,1,tat,Node_1_737_3343_3650,3343,-38.5525849382983,-2720.03606803204,2642.93089815544
10,2,12,1,tat,Node_1_750_236_3650,236,-38.0624149026534,-2719.52255530612,2643.39772550082
10,2,12,1,tat,Node_1_1296_3180_3650,3180,4837.56089564531,2111.94650510445,7563.17528618618
10,2,12,1,tat,Node_1_678_2398_3650,2398,1575.67537644592,-1058.84334610844,4210.19409900028
10,2,12,1,tat,Node_1_415_1450_3650,1450,-37.7683128812664,-2719.21445025763,2643.6778244951
10,2,12,1,tat,Node_1_1011_2844_3650,2844,3194.70700417946,545.740064214771,5843.67394414414
10,2,12,1,tat,Node_1_128_849_3650,849,1581.16528084514,-1053.29763085755,4215.62819254783
10,2,12,1,tat,Node_1_594_3257_3650,3257,-37.8663468883954,-2719.31715172487,2643.58445794808
10,2,12,1,tat,Node_1_1251_3330_3650,3330,2384.55396926635,-249.439878311482,5018.54781684419
10,2,12,1,tat,Node_1_977_3152_3650,3152,1583.61613102336,-1050.82209529308,4218.0543573398
10,2,12,1,tat,Node_1_957_3444_3650,3444,1815.07442185466,-817.673342002896,4447.82218571221
10,2,12,1,tat,Node_1_429_3163_3650,3163,3294.70169145092,642.821247095576,5946.58213580626
10,2,12,1,tat,Node_1_44_2106_3650,2106,1964.57628272621,-667.754355116569,4596.90692056899
10,2,12,1,tat,Node_1_63_1610_3650,1610,1582.34168893069,-1052.10935605434,4216.79273391571
10,2,12,1,tat,Node_1_441_1628_3650,1628,2377.5935547602,-256.338673850973,5011.52578337137
10,2,12,1,tat,Node_1_417_2090_3650,2090,1572.5382882178,-1062.01264632,4207.0892227556
10,2,12,1,tat,Node_1_882_2411_3650,2411,764.934137490043,-1885.61707188629,3415.48534686637
10,2,12,1,tat,Node_1_226_2252_3650,2252,3289.50588907309,637.782550932598,5941.22922721358
10,2,13,1,tat,Node_1_13_1401_1825,1401,2775.86459635032,137.048811044343,5414.68038165629
10,2,13,1,tat,Node_1_163_430_1825,430,587.46471097401,-2068.1580073107,3243.08742925872
10,2,13,1,tat,Node_1_556_477_1825,477,1328.72786787091,-1308.55463671946,3966.01037246128
10,2,13,1,tat,Node_1_24_713_1825,713,-183.050000180047,-2871.15657599358,2505.05657563348
10,2,13,1,tat,Node_1_823_570_1825,570,557.062275893621,-2099.58546905512,3213.71002084237
10,2,13,1,tat,Node_1_257_1053_1825,1053,2045.05527359778,-586.788076054598,4676.89862325015
10,2,13,1,tat,Node_1_397_1696_1825,1696,563.20030695086,-2093.23877528662,3219.63938918834
10,2,13,1,tat,Node_1_1280_381_1825,381,-184.009067532741,-2872.16441869901,2504.14628363353
10,2,13,1,tat,Node_1_1020_1397_1825,1397,556.103208540927,-2100.5772184068,3212.78363548866
10,2,13,1,tat,Node_1_188_1167_1825,1167,-536.17859944184,-3243.61821769558,2171.2610188119
10,2,13,1,tat,Node_1_1011_2844_3650,2844,5072.54318584573,2331.61531118829,7813.47106050317
10,2,13,1,tat,Node_1_750_236_3650,236,917.383880300616,-1728.49203207632,3563.25979267755
10,2,13,1,tat,Node_1_1251_3330_3650,3330,2406.33594535746,-227.37563319673,5040.04752391166
10,2,13,1,tat,Node_1_977_3152_3650,3152,5065.06246049472,2324.65595723807,7805.46896375137
10,2,13,1,tat,Node_1_737_3343_3650,3343,2423.79097117649,-210.089141222659,5057.67108357563
10,2,13,1,tat,Node_1_424_3333_3650,3333,2831.39459607128,191.533681821333,5471.25551032122
10,2,13,1,tat,Node_1_417_2090_3650,2090,2074.49864132547,-557.381199535102,4706.37848218604
10,2,13,1,tat,Node_1_678_2398_3650,2398,2152.95035077581,-479.127049729451,4785.02775128107
10,2,13,1,tat,Node_1_957_3444_3650,3444,2798.69039934442,159.453784162343,5437.9270145265
10,2,13,1,tat,Node_1_441_1628_3650,1628,2048.22019586166,-583.626090439144,4680.06648216247
10,2,13,1,tat,Node_1_882_2411_3650,2411,3563.16298617651,902.803225805329,6223.52274654769
10,2,13,1,tat,Node_1_226_2252_3650,2252,556.199115276197,-2100.47804251759,3212.87627306999
10,2,13,1,tat,Node_1_594_3257_3650,3257,1686.17227021982,-946.878023183838,4319.22256362348
10,2,13,1,tat,Node_1_807_1992_3650,1992,2801.08806772616,161.806536741733,5440.36959871058
10,2,13,1,tat,Node_1_63_1610_3650,1610,2042.36988501023,-589.471159167999,4674.21092918847
10,2,13,1,tat,Node_1_44_2106_3650,2106,1294.29734990921,-1343.55203986161,3932.14673968003
10,2,13,1,tat,Node_1_128_849_3650,849,560.323104892779,-2096.2136798505,3216.85988963605
10,2,13,1,tat,Node_1_1296_3180_3650,3180,2059.24947041764,-572.608905380047,4691.10784621533
10,2,13,1,tat,Node_1_429_3163_3650,3163,561.473985716011,-2095.02369512339,3217.97166655542
10,2,13,1,tat,Node_1_415_1450_3650,1450,-184.20088100328,-2872.36598969588,2503.96422768932
10,2,14,1,tat,Node_1_13_1401_1825,1401,1329.79829713841,-1016.7054945826,3676.30208885943
10,2,14,1,tat,Node_1_1280_381_1825,381,568.820571997306,-1794.57372682189,2932.2148708165
10,2,14,1,tat,Node_1_397_1696_1825,1696,5283.24845325007,2831.01790840595,7735.47899809418
10,2,14,1,tat,Node_1_556_477_1825,477,1331.30462444291,-1015.17770162517,3677.78695051099
10,2,14,1,tat,Node_1_1020_1397_1825,1397,568.914717453837,-1794.47675061455,2932.30618552223
10,2,14,1,tat,Node_1_163_430_1825,430,-192.533734969925,-2584.70340771827,2199.63593777842
10,2,14,1,tat,Node_1_24_713_1825,713,2878.02032979281,528.376543722284,5227.66411586334
10,2,14,1,tat,Node_1_188_1167_1825,1167,1334.97629724763,-1011.4539055824,3681.40650007765
10,2,14,1,tat,Node_1_823_570_1825,570,-192.533734969925,-2584.70340771827,2199.63593777842
10,2,14,1,tat,Node_1_257_1053_1825,1053,2942.22753114704,591.365697150718,5293.08936514336
10,2,14,1,tat,Node_1_957_3444_3650,3444,3698.59212891812,1326.9566481614,6070.22760967485
10,2,14,1,tat,Node_1_63_1610_3650,1610,-192.627880426457,-2584.80183012312,2199.54606927021
10,2,14,1,tat,Node_1_1011_2844_3650,2844,4478.49309082198,2073.29170302846,6883.69447861551
10,2,14,1,tat,Node_1_415_1450_3650,1450,572.209808432426,-1791.08269793232,2935.50231479717
10,2,14,1,tat,Node_1_226_2252_3650,2252,-193.098607709113,-2585.29394477796,2199.09672935973
10,2,14,1,tat,Node_1_750_236_3650,236,-193.004462252582,-2585.19552149625,2199.18659699109
10,2,14,1,tat,Node_1_737_3343_3650,3343,2899.10891205578,549.074550124234,5249.14327398733
10,2,14,1,tat,Node_1_807_1992_3650,1992,2845.25771091998,496.202291295504,5194.31313054445
10,2,14,1,tat,Node_1_882_2411_3650,2411,4425.86578062108,2023.30807208631,6828.42348915586
10,2,14,1,tat,Node_1_417_2090_3650,2090,579.835590411448,-1783.22874481375,2942.89992563664
10,2,14,1,tat,Node_1_424_3333_3650,3333,3669.03045556735,1298.42730505082,6039.63360608388
10,2,14,1,tat,Node_1_429_3163_3650,3163,2112.90020456434,-228.88167970314,4454.68208883181
10,2,14,1,tat,Node_1_1296_3180_3650,3180,3775.79140327365,1401.37641435937,6150.20639218792
10,2,14,1,tat,Node_1_678_2398_3650,2398,4543.17101945887,2134.64677506712,6951.69526385062
10,2,14,1,tat,Node_1_44_2106_3650,2106,567.784971975463,-1795.64047710492,2931.21042105585
10,2,14,1,tat,Node_1_977_3152_3650,3152,3700.38089259221,1328.68237643362,6072.07940875081
10,2,14,1,tat,Node_1_594_3257_3650,3257,2124.19765934807,-217.610687639021,4466.00600633516
10,2,14,1,tat,Node_1_441_1628_3650,1628,566.937662866683,-1796.51328915748,2930.38861489085
10,2,14,1,tat,Node_1_128_849_3650,849,1358.70095229347,-987.399268654232,3704.80117324117
10,2,14,1,tat,Node_1_1251_3330_3650,3330,2902.30985757784,552.215400393241,5252.40431476244
10,2,15,1,tat,Node_1_823_570_1825,570,864.308494884682,-2006.94133621047,3735.55832597983
10,2,15,1,tat,Node_1_397_1696_1825,1696,1658.36321838572,-1197.69996801571,4514.42640478716
10,2,15,1,tat,Node_1_24_713_1825,713,35.9373487105453,-2868.10484707812,2939.97954449921
10,2,15,1,tat,Node_1_257_1053_1825,1053,35.8398588734058,-2868.20719511455,2939.88691286136
10,2,15,1,tat,Node_1_188_1167_1825,1167,35.4498995248475,-2868.61658958121,2939.5163886309
10,2,15,1,tat,Node_1_556_477_1825,477,35.4498995248475,-2868.61658958121,2939.5163886309
10,2,15,1,tat,Node_1_1020_1397_1825,1397,4165.60684993879,1251.84533313374,7079.36836674385
10,2,15,1,tat,Node_1_163_430_1825,430,35.547389361987,-2868.51424061641,2939.60901934038
10,2,15,1,tat,Node_1_1280_381_1825,381,35.1574300134287,-2868.92363786814,2939.238497895
10,2,15,1,tat,Node_1_13_1401_1825,1401,845.492956316762,-2026.31121965532,3717.29713228885
10,2,15,1,tat,Node_1_441_1628_3650,1628,2085.75866440519,-768.81647343542,4940.3338022458
10,2,15,1,tat,Node_1_417_2090_3650,2090,1659.0456472457,-1197.01142186752,4515.10271635892
10,2,15,1,tat,Node_1_678_2398_3650,2398,846.857814036716,-2024.90584960742,3718.62147768085
10,2,15,1,tat,Node_1_128_849_3650,849,844.22558843395,-2027.6162482484,3716.0674251163
10,2,15,1,tat,Node_1_44_2106_3650,2106,4261.82931919546,1342.72497809861,7180.93366029231
10,2,15,1,tat,Node_1_226_2252_3650,2252,1706.42570809548,-1149.23588052856,4562.08729671953
10,2,15,1,tat,Node_1_977_3152_3650,3152,2113.9332273385,-740.708810545722,4968.57526522272
10,2,15,1,tat,Node_1_957_3444_3650,3444,2057.8765709833,-796.65245471452,4912.40559668112
10,2,15,1,tat,Node_1_415_1450_3650,1450,1670.6469378653,-1185.30796661588,4526.60184234647
10,2,15,1,tat,Node_1_1296_3180_3650,3180,3415.81251249907,535.929220541656,6295.69580445649
10,2,15,1,tat,Node_1_750_236_3650,236,35.7423690362662,-2868.30954338308,2939.79428145561
10,2,15,1,tat,Node_1_737_3343_3650,3343,3310.03603920274,433.809227167243,6186.26285123824
10,2,15,1,tat,Node_1_424_3333_3650,3333,845.102996968205,-2026.71276259481,3716.91875653122
10,2,15,1,tat,Node_1_1011_2844_3650,2844,4970.97039454801,2005.7110817368,7936.22970735922
10,2,15,1,tat,Node_1_429_3163_3650,3163,35.4498995248475,-2868.61658958121,2939.5163886309
10,2,15,1,tat,Node_1_594_3257_3650,3257,3317.3477769882,440.877248967903,6193.8183050085
10,2,15,1,tat,Node_1_882_2411_3650,2411,845.882915665321,-2025.90968055584,3717.67551188648
10,2,15,1,tat,Node_1_807_1992_3650,1992,3338.40558181033,461.225646888275,6215.58551673238
10,2,15,1,tat,Node_1_1251_3330_3650,3330,4134.41010205416,1222.33281506324,7046.48738904508
10,2,15,1,tat,Node_1_63_1610_3650,1610,-417.292904150885,-3346.40807991008,2511.82227160831
10,2,16,1,tat,Node_1_1020_1397_1825,1397,963.522297607842,-1273.71814307699,3200.76273829268
10,2,16,1,tat,Node_1_13_1401_1825,1401,961.689880810591,-1275.58877200645,3198.96853362763
10,2,16,1,tat,Node_1_823_570_1825,570,955.76147352537,-1281.64126139181,3193.16420844255
10,2,16,1,tat,Node_1_163_430_1825,430,957.809468769356,-1279.55032290235,3195.16926044106
10,2,16,1,tat,Node_1_257_1053_1825,1053,1820.55441260411,-406.134095912044,4047.24292112026
10,2,16,1,tat,Node_1_24_713_1825,713,1807.51191657662,-419.227188852228,4034.25102200547
10,2,16,1,tat,Node_1_1280_381_1825,381,958.240625662827,-1279.11013588644,3195.5913872121
10,2,16,1,tat,Node_1_188_1167_1825,1167,107.136917951783,-2155.12506116654,2369.3988970701
10,2,16,1,tat,Node_1_556_477_1825,477,106.166814941474,-2156.13155903759,2368.46518892054
10,2,16,1,tat,Node_1_397_1696_1825,1696,1822.81798629483,-403.862088191397,4049.49806078105
10,2,16,1,tat,Node_1_807_1992_3650,1992,958.132836439459,-1279.22018229604,3195.48585517496
10,2,16,1,tat,Node_1_1011_2844_3650,2844,1813.22474541511,-413.49177805257,4039.94126888278
10,2,16,1,tat,Node_1_1296_3180_3650,3180,4404.90883206712,2121.66332393119,6688.15434020306
10,2,16,1,tat,Node_1_1251_3330_3650,3330,2258.82539481701,31.8540100283203,4485.79677960571
10,2,16,1,tat,Node_1_417_2090_3650,2090,1810.42222560755,-416.305294058592,4037.14974527369
10,2,16,1,tat,Node_1_429_3163_3650,3163,4449.74914898807,2164.38274054295,6735.11555743319
10,2,16,1,tat,Node_1_424_3333_3650,3333,4384.86003652074,2102.55072756859,6667.16934547289
10,2,16,1,tat,Node_1_63_1610_3650,1610,1807.40412735325,-419.335410438359,4034.14366514486
10,2,16,1,tat,Node_1_882_2411_3650,2411,3144.96060012255,905.686134634613,5384.23506561048
10,2,16,1,tat,Node_1_678_2398_3650,2398,2659.37014885124,428.775031135577,4889.9652665669
10,2,16,1,tat,Node_1_128_849_3650,849,1795.33173433607,-431.457701763706,4022.12117043585
10,2,16,1,tat,Node_1_594_3257_3650,3257,4429.26919654821,2144.87609988896,6713.66229320747
10,2,16,1,tat,Node_1_226_2252_3650,2252,3527.0733969609,1277.69956121833,5776.44723270347
10,2,16,1,tat,Node_1_44_2106_3650,2106,3591.10019564129,1339.75526669006,5842.44512459253
10,2,16,1,tat,Node_1_957_3444_3650,3444,4389.49497312555,2106.96989566836,6672.02005058274
10,2,16,1,tat,Node_1_415_1450_3650,1450,2709.59992694057,478.32423654176,4940.87561733937
10,2,16,1,tat,Node_1_977_3152_3650,3152,2714.34265276874,483.000104466065,4945.68520107142
10,2,16,1,tat,Node_1_441_1628_3650,1628,3678.4094665691,1424.24859660578,5932.57033653241
10,2,16,1,tat,Node_1_750_236_3650,236,106.490182611577,-2155.7960577485,2368.77642297166
10,2,16,1,tat,Node_1_737_3343_3650,3343,4040.25788941433,1772.86299461164,6307.65278421702
10,2,17,1,tat,Node_1_163_430_1825,430,704.776297167879,-1745.86802320696,3155.42061754272
10,2,17,1,tat,Node_1_1020_1397_1825,1397,705.395843762876,-1745.23093156046,3156.02261908621
10,2,17,1,tat,Node_1_24_713_1825,713,-105.693906853622,-2586.25410806181,2374.86629435457
10,2,17,1,tat,Node_1_13_1401_1825,1401,2366.19374941734,-67.3392518964479,4799.72675073112
10,2,17,1,tat,Node_1_188_1167_1825,1167,2339.14021476915,-94.1883094638538,4772.46873900215
10,2,17,1,tat,Node_1_1280_381_1825,381,706.221905889539,-1744.38148881926,3156.82530059834
10,2,17,1,tat,Node_1_823_570_1825,570,-106.31345344862,-2586.90178241492,2374.27487551768
10,2,17,1,tat,Node_1_257_1053_1825,1053,-107.03625780945,-2587.65741251138,2373.58489689248
10,2,17,1,tat,Node_1_397_1696_1825,1696,3283.0194522466,833.13778720764,5732.90111728556
10,2,17,1,tat,Node_1_556_477_1825,477,-1759.88331549479,-4342.81186898131,823.045237991736
10,2,17,1,tat,Node_1_1251_3330_3650,3330,3988.68302394783,1513.93497859673,6463.43106929893
10,2,17,1,tat,Node_1_429_3163_3650,3163,1526.81137096265,-907.842472828856,3961.46521475416
10,2,17,1,tat,Node_1_424_3333_3650,3333,3175.32160248301,728.303325863753,5622.33987910227
10,2,17,1,tat,Node_1_417_2090_3650,2090,2346.8845472066,-86.5008750372049,4780.26996945041
10,2,17,1,tat,Node_1_415_1450_3650,1450,-106.933000043617,-2587.54946469424,2373.683464607
10,2,17,1,tat,Node_1_957_3444_3650,3444,1534.76221893178,-899.808668215155,3969.33310607871
10,2,17,1,tat,Node_1_882_2411_3650,2411,711.48805194701,-1738.96663491995,3161.94273881397
10,2,17,1,tat,Node_1_1296_3180_3650,3180,5896.68002100597,3304.15014704814,8489.2098949638
10,2,17,1,tat,Node_1_737_3343_3650,3343,5700.49026592368,3123.29287867322,8277.68765317415
10,2,17,1,tat,Node_1_1011_2844_3650,2844,1528.36023745014,-906.277337666575,3962.99781256686
10,2,17,1,tat,Node_1_807_1992_3650,1992,3554.27760308932,1096.08433670785,6012.47086947078
10,2,17,1,tat,Node_1_44_2106_3650,2106,3231.28731156438,782.812147265745,5679.76247586301
10,2,17,1,tat,Node_1_678_2398_3650,2398,704.776297167879,-1745.86802320696,3155.42061754272
10,2,17,1,tat,Node_1_750_236_3650,236,-106.106937916954,-2586.68589008318,2374.47201424927
10,2,17,1,tat,Node_1_226_2252_3650,2252,1531.45797042513,-903.147224534194,3966.06316538445
10,2,17,1,tat,Node_1_63_1610_3650,1610,707.357741313699,-1743.21352891317,3157.92901154057
10,2,17,1,tat,Node_1_977_3152_3650,3152,5336.60989912896,2785.96476220711,7887.25503605082
10,2,17,1,tat,Node_1_594_3257_3650,3257,1529.18629957681,-905.442620337862,3963.81521949147
10,2,17,1,tat,Node_1_441_1628_3650,1628,3617.47135577898,1157.1169256471,6077.82578591086
10,2,17,1,tat,Node_1_128_849_3650,849,-946.212120732466,-3472.10074049553,1579.6764990306
10,2,18,1,tat,Node_1_397_1696_1825,1696,2006.50436817252,-961.511615925444,4974.52035227048
10,2,18,1,tat,Node_1_24_713_1825,713,1052.79494914284,-1927.38077880394,4032.97067708962
10,2,18,1,tat,Node_1_257_1053_1825,1053,1987.95211647307,-980.068962648502,4955.97319559464
10,2,18,1,tat,Node_1_13_1401_1825,1401,1986.9626630491,-981.058946289942,4954.98427238814
10,2,18,1,tat,Node_1_188_1167_1825,1167,1049.20818048094,-1931.05889787921,4029.4752588411
10,2,18,1,tat,Node_1_823_570_1825,570,119.61668866055,-2895.66876260861,3134.90213992971
10,2,18,1,tat,Node_1_163_430_1825,430,119.61668866055,-2895.66876260861,3134.90213992971
10,2,18,1,tat,Node_1_1280_381_1825,381,1064.42102687449,-1915.46093545708,4044.30298920606
10,2,18,1,tat,Node_1_1020_1397_1825,1397,1048.46609041297,-1931.81993045059,4028.75211127653
10,2,18,1,tat,Node_1_556_477_1825,477,-827.166556401337,-3900.72451789258,2246.39140508991
10,2,18,1,tat,Node_1_1296_3180_3650,3180,1047.352955311,-1932.96150657503,4027.66741719703
10,2,18,1,tat,Node_1_737_3343_3650,3343,1048.58977209096,-1931.69309067878,4028.87263486071
10,2,18,1,tat,Node_1_1251_3330_3650,3330,4911.53962095025,1832.84663822903,7990.23260367148
10,2,18,1,tat,Node_1_441_1628_3650,1628,1985.84952794713,-982.172709174352,4953.87176506861
10,2,18,1,tat,Node_1_807_1992_3650,1992,1052.42390410885,-1927.76125812495,4032.60906634265
10,2,18,1,tat,Node_1_977_3152_3650,3152,3888.93950727662,873.973681688557,6903.90533286468
10,2,18,1,tat,Node_1_226_2252_3650,2252,2940.30103704479,-39.3241979975423,5919.92627208712
10,2,18,1,tat,Node_1_1011_2844_3650,2844,119.740370338546,-2895.53893610283,3135.01967677992
10,2,18,1,tat,Node_1_415_1450_3650,1450,120.235097050532,-2895.01963398033,3135.48982808139
10,2,18,1,tat,Node_1_678_2398_3650,2398,1999.70187588272,-968.314907897743,4967.71865966319
10,2,18,1,tat,Node_1_882_2411_3650,2411,1991.90993016895,-976.109289837065,4959.92915017497
10,2,18,1,tat,Node_1_44_2106_3650,2106,2966.02682606803,-14.2462494680462,5946.2999016041
10,2,18,1,tat,Node_1_63_1610_3650,1610,1062.93684673854,-1916.98241877821,4042.85611225529
10,2,18,1,tat,Node_1_429_3163_3650,3163,4794.41307188773,1724.32254668761,7864.50359708785
10,2,18,1,tat,Node_1_424_3333_3650,3333,3860.98744804945,847.395835083616,6874.57906101528
10,2,18,1,tat,Node_1_957_3444_3650,3444,3930.62023276138,913.568243024099,6947.67222249866
10,2,18,1,tat,Node_1_594_3257_3650,3257,2003.04128118862,-964.974955421107,4971.05751779835
10,2,18,1,tat,Node_1_417_2090_3650,2090,120.111415372536,-2895.14945892585,3135.37228967092
10,2,18,1,tat,Node_1_128_849_3650,849,118.256190202589,-2897.09687991553,3133.6092603207
10,2,18,1,tat,Node_1_750_236_3650,236,117.761463490603,-2897.61620700098,3133.13913398219
10,2,19,1,tat,Node_1_1280_381_1825,381,61.91765929471,-2339.05636974812,2462.89168833754
10,2,19,1,tat,Node_1_13_1401_1825,1401,2842.2772224261,473.821223104323,5210.73322174788
10,2,19,1,tat,Node_1_257_1053_1825,1053,754.239502788766,-1623.46190657291,3131.94091215045
10,2,19,1,tat,Node_1_823_570_1825,570,748.304809401599,-1629.55405148696,3126.16367029015
10,2,19,1,tat,Node_1_556_477_1825,477,61.2976167020203,-2339.70164729159,2462.29688069563
10,2,19,1,tat,Node_1_163_430_1825,430,61.2976167020203,-2339.70164729159,2462.29688069563
10,2,19,1,tat,Node_1_188_1167_1825,1167,61.2090391887789,-2339.79383043254,2462.2119088101
10,2,19,1,tat,Node_1_24_713_1825,713,1473.93179787439,-890.150779050217,3838.01437479899
10,2,19,1,tat,Node_1_397_1696_1825,1696,1429.73161876697,-934.872610256553,3794.3358477905
10,2,19,1,tat,Node_1_1020_1397_1825,1397,60.4118415696063,-2340.62348584183,2461.44716898104
10,2,19,1,tat,Node_1_1251_3330_3650,3330,1433.80618437607,-930.748225190801,3798.36059394295
10,2,19,1,tat,Node_1_957_3444_3650,3444,6487.41904733237,3921.7941171582,9053.04397750654
10,2,19,1,tat,Node_1_807_1992_3650,1992,4233.20991285434,1820.04711285962,6646.37271284907
10,2,19,1,tat,Node_1_737_3343_3650,3343,3158.49894469757,783.395274716503,5533.60261467863
10,2,19,1,tat,Node_1_750_236_3650,236,1081.09052664919,-1289.07569878718,3451.25675208556
10,2,19,1,tat,Node_1_63_1610_3650,1610,2151.72692919687,-209.551210055308,4513.00506844904
10,2,19,1,tat,Node_1_44_2106_3650,2106,2133.47996146916,-227.745749374736,4494.70567231305
10,2,19,1,tat,Node_1_1296_3180_3650,3180,1437.17212987924,-927.341389636437,3801.68564939492
10,2,19,1,tat,Node_1_1011_2844_3650,2844,2119.30755935055,-241.882315438614,4480.49743413971
10,2,19,1,tat,Node_1_226_2252_3650,2252,2130.20259347923,-231.014450626107,4491.41963758457
10,2,19,1,tat,Node_1_429_3163_3650,3163,5787.12522764659,3278.74527215259,8295.50518314059
10,2,19,1,tat,Node_1_424_3333_3650,3333,2136.31444189288,-224.918948699737,4497.5478324855
10,2,19,1,tat,Node_1_417_2090_3650,2090,754.239502788766,-1623.46190657291,3131.94091215045
10,2,19,1,tat,Node_1_415_1450_3650,1450,754.239502788766,-1623.46190657291,3131.94091215045
10,2,19,1,tat,Node_1_128_849_3650,849,61.2976167020203,-2339.70164729159,2462.29688069563
10,2,19,1,tat,Node_1_678_2398_3650,2398,2809.85785257978,441.964579580722,5177.75112557884
10,2,19,1,tat,Node_1_977_3152_3650,3152,3619.01343603912,1230.4987265657,6007.52814551254
10,2,19,1,tat,Node_1_882_2411_3650,2411,5683.84384720723,3183.18400225835,8184.5036921561
10,2,19,1,tat,Node_1_594_3257_3650,3257,2880.54270814634,511.3940133392,5249.69140295348
10,2,19,1,tat,Node_1_441_1628_3650,1628,60.3232640563649,-2340.7156705696,2461.36219868233
10,2,20,1,tat,Node_1_556_477_1825,477,896.410354090993,-1266.3356394821,3059.15634766408
10,2,20,1,tat,Node_1_1280_381_1825,381,866.732331146444,-1296.6574203935,3030.12208268639
10,2,20,1,tat,Node_1_1020_1397_1825,1397,229.32397098195,-1951.9116644158,2410.5596063797
10,2,20,1,tat,Node_1_24_713_1825,713,869.093977534604,-1294.24393225477,3032.43188732398
10,2,20,1,tat,Node_1_823_570_1825,570,229.560135620766,-1951.66747734729,2410.78774858882
10,2,20,1,tat,Node_1_188_1167_1825,1167,4092.42641118847,1899.90027677133,6284.95254560561
10,2,20,1,tat,Node_1_163_430_1825,430,2173.35255616933,22.2664856623032,4324.43862667635
10,2,20,1,tat,Node_1_13_1401_1825,1401,866.417444961356,-1296.97922683535,3029.81411675806
10,2,20,1,tat,Node_1_397_1696_1825,1696,228.772920158046,-1952.48143827136,2410.02727858745
10,2,20,1,tat,Node_1_257_1053_1825,1053,-414.460834430576,-2621.37496959232,1792.45330073116
10,2,20,1,tat,Node_1_750_236_3650,236,229.009084796862,-1952.23724878544,2410.25541837916
10,2,20,1,tat,Node_1_1251_3330_3650,3330,1505.95128687519,-647.303853947354,3659.20642769774
10,2,20,1,tat,Node_1_128_849_3650,849,3541.21814419183,1367.73010222812,5714.70618615555
10,2,20,1,tat,Node_1_594_3257_3650,3257,4913.57086035185,2682.43718884537,7144.70453185832
10,2,20,1,tat,Node_1_977_3152_3650,3152,3444.15447763844,1273.43212695254,5614.87682832434
10,2,20,1,tat,Node_1_957_3444_3650,3444,2780.53184256537,623.930945505627,4937.1327396251
10,2,20,1,tat,Node_1_1011_2844_3650,2844,1498.39401843308,-654.935028718238,3651.7230655844
10,2,20,1,tat,Node_1_882_2411_3650,2411,3527.20570895541,1354.12787238894,5700.28354552189
10,2,20,1,tat,Node_1_678_2398_3650,2398,866.811052692716,-1296.57696907801,3030.19907446344
10,2,20,1,tat,Node_1_737_3343_3650,3343,3466.51139677969,1295.16773242748,5637.85506113191
10,2,20,1,tat,Node_1_441_1628_3650,1628,1521.38070994451,-631.726963153324,3674.48838304234
10,2,20,1,tat,Node_1_1296_3180_3650,3180,2153.27856186996,2.25308679298178,4304.30403694694
10,2,20,1,tat,Node_1_807_1992_3650,1992,867.36210351662,-1296.01381317325,3030.73802020649
10,2,20,1,tat,Node_1_226_2252_3650,2252,1511.54051666051,-641.660673681871,3664.74170700288
10,2,20,1,tat,Node_1_417_2090_3650,2090,2803.83342026188,646.879241666576,4960.78759885719
10,2,20,1,tat,Node_1_415_1450_3650,1450,4102.73893375011,1909.80317103166,6295.67469646855
10,2,20,1,tat,Node_1_429_3163_3650,3163,8169.10040643097,5677.48944227208,10660.7113705899
10,2,20,1,tat,Node_1_424_3333_3650,3333,5486.89988185092,3221.83508245433,7751.96468124751
10,2,20,1,tat,Node_1_44_2106_3650,2106,1508.70654099471,-644.521929130925,3661.93501112035
10,2,20,1,tat,Node_1_63_1610_3650,1610,-862.17167070558,-3091.34115858481,1366.99781717366
10,2,21,1,tat,Node_1_397_1696_1825,1696,2520.89794927549,477.5476915791,4564.24820697187
10,2,21,1,tat,Node_1_257_1053_1825,1053,2508.57076407659,465.335331418889,4551.80619673429
10,2,21,1,tat,Node_1_188_1167_1825,1167,1146.59290224433,-901.137676622389,3194.32348111105
10,2,21,1,tat,Node_1_163_430_1825,430,466.132279265294,-1596.52067537329,2528.78523390388
10,2,21,1,tat,Node_1_24_713_1825,713,2564.92361070011,521.140541472646,4608.70667992758
10,2,21,1,tat,Node_1_1280_381_1825,381,465.956176619596,-1596.70171617604,2528.61406941523
10,2,21,1,tat,Node_1_823_570_1825,570,1147.47341547282,-900.243280074582,3195.19011102023
10,2,21,1,tat,Node_1_13_1401_1825,1401,466.132279265294,-1596.52067537329,2528.78523390388
10,2,21,1,tat,Node_1_1020_1397_1825,1397,1864.38728611145,-176.729721331238,3905.50429355413
10,2,21,1,tat,Node_1_556_477_1825,477,1823.97172892364,-217.266618262708,3865.21007610999
10,2,21,1,tat,Node_1_807_1992_3650,1992,1147.03315885858,-900.690476584406,3194.75679430156
10,2,21,1,tat,Node_1_441_1628_3650,1628,466.836689848089,-1595.7965176857,2529.46989738188
10,2,21,1,tat,Node_1_128_849_3650,849,1148.35392870131,-899.34889763955,3196.05675504218
10,2,21,1,tat,Node_1_957_3444_3650,3444,5259.73434650153,3123.78741682933,7395.68127617373
10,2,21,1,tat,Node_1_977_3152_3650,3152,3903.03956404022,1829.34431329276,5976.73481478769
10,2,21,1,tat,Node_1_678_2398_3650,2398,2505.92922439111,462.718034865884,4549.14041391634
10,2,21,1,tat,Node_1_424_3333_3650,3333,5292.4013872786,3154.57954552425,7430.22322903296
10,2,21,1,tat,Node_1_429_3163_3650,3163,3235.52248552003,1180.77775672085,5290.26721431921
10,2,21,1,tat,Node_1_417_2090_3650,2090,3235.52248552003,1180.77775672085,5290.26721431921
10,2,21,1,tat,Node_1_415_1450_3650,1450,2513.50163815615,470.220609578133,4556.78266673416
10,2,21,1,tat,Node_1_882_2411_3650,2411,2518.9608201728,475.628790783817,4562.29284956179
10,2,21,1,tat,Node_1_63_1610_3650,1610,1825.29249876638,-215.941408593718,3866.52640612648
10,2,21,1,tat,Node_1_226_2252_3650,2252,4334.49104600157,2244.37823187782,6424.60386012532
10,2,21,1,tat,Node_1_44_2106_3650,2106,466.220330588144,-1596.43015517904,2528.87081635533
10,2,21,1,tat,Node_1_594_3257_3650,3257,466.132279265294,-1596.52067537329,2528.78523390388
10,2,21,1,tat,Node_1_1251_3330_3650,3330,1826.96547390051,-214.262855699659,3868.19380350069
10,2,21,1,tat,Node_1_737_3343_3650,3343,2515.79097255023,472.488623011875,4559.09332208858
10,2,21,1,tat,Node_1_1011_2844_3650,2844,2545.28816570473,501.702515804682,4588.87381560477
10,2,21,1,tat,Node_1_750_236_3650,236,465.4278686825,-1597.24484189826,2528.10057926326
10,2,21,1,tat,Node_1_1296_3180_3650,3180,3283.15825118148,1227.32483341737,5338.99166894558
10,2,22,1,tat,Node_1_1280_381_1825,381,1428.01640849967,-1308.56440464318,4164.59722164252
10,2,22,1,tat,Node_1_556_477_1825,477,473.403378535441,-2287.86040325789,3234.66716032877
10,2,22,1,tat,Node_1_397_1696_1825,1696,1431.59048325793,-1304.93958375614,4168.120550272
10,2,22,1,tat,Node_1_823_570_1825,570,-484.336966842266,-3292.16724839675,2323.49331471222
10,2,22,1,tat,Node_1_188_1167_1825,1167,946.856594168807,-1799.40487594729,3693.1180642849
10,2,22,1,tat,Node_1_24_713_1825,713,-485.00710585944,-3292.87739227206,2322.86318055318
10,2,22,1,tat,Node_1_163_430_1825,430,472.063100501094,-2289.25078492402,3233.37698592621
10,2,22,1,tat,Node_1_257_1053_1825,1053,2410.10513816803,-324.340169792277,5144.55044612834
10,2,22,1,tat,Node_1_13_1401_1825,1401,2411.66879587477,-322.79202655174,5146.12961830128
10,2,22,1,tat,Node_1_1020_1397_1825,1397,472.39817000968,-2288.90318549076,3233.69952551012
10,2,22,1,tat,Node_1_415_1450_3650,1450,1437.06328523152,-1299.38968341217,4173.5162538752
10,2,22,1,tat,Node_1_429_3163_3650,3163,3364.82985796846,609.797811140069,6119.86190479684
10,2,22,1,tat,Node_1_424_3333_3650,3333,4323.57541187193,1525.88443527461,7121.26638846924
10,2,22,1,tat,Node_1_417_2090_3650,2090,3367.39872420096,612.281475712419,6122.51597268949
10,2,22,1,tat,Node_1_750_236_3650,236,-484.783726187049,-3292.64067651504,2323.07322414094
10,2,22,1,tat,Node_1_1296_3180_3650,3180,-484.895416023245,-3292.75903425206,2322.96820220557
10,2,22,1,tat,Node_1_226_2252_3650,2252,4372.04880078084,1571.63192583803,7172.46567572364
10,2,22,1,tat,Node_1_44_2106_3650,2106,2492.30885760803,-243.033447449605,5227.65116266567
10,2,22,1,tat,Node_1_128_849_3650,849,1472.35727346934,-1263.61612239644,4208.33066933513
10,2,22,1,tat,Node_1_678_2398_3650,2398,1921.57379464825,-810.968213091054,4654.11580238756
10,2,22,1,tat,Node_1_1251_3330_3650,3330,3410.06424162769,653.508745013328,6166.61973824206
10,2,22,1,tat,Node_1_594_3257_3650,3257,3420.56308623009,663.646981666359,6177.47919079381
10,2,22,1,tat,Node_1_63_1610_3650,1610,1466.32602231478,-1269.72716255703,4202.37920718659
10,2,22,1,tat,Node_1_737_3343_3650,3343,4392.59973064084,1591.01094864957,7194.18851263211
10,2,22,1,tat,Node_1_957_3444_3650,3444,3429.49827312574,672.273187415347,6186.72335883613
10,2,22,1,tat,Node_1_1011_2844_3650,2844,1429.915135715,-1306.63867957306,4166.46895100306
10,2,22,1,tat,Node_1_441_1628_3650,1628,1477.04824658956,-1258.86370779514,4212.96020097427
10,2,22,1,tat,Node_1_807_1992_3650,1992,1118.54348379569,-1623.61614396452,3860.7031115559
10,2,22,1,tat,Node_1_977_3152_3650,3152,1153.16733301634,-1588.25196628676,3894.58663231944
10,2,22,1,tat,Node_1_882_2411_3650,2411,3201.67061868078,451.724796136197,5951.61644122536
10,2,23,1,tat,Node_1_823_570_1825,570,804.222790674729,-2466.6191690927,4075.06475044215
10,2,23,1,tat,Node_1_188_1167_1825,1167,799.978775922298,-2471.01197209434,4070.96952393893
10,2,23,1,tat,Node_1_1280_381_1825,381,-247.135409359481,-3570.42638030552,3076.15556158656
10,2,23,1,tat,Node_1_24_713_1825,713,809.624263996007,-2461.02907682808,4080.2776048201
10,2,23,1,tat,Node_1_556_477_1825,477,-247.521228882429,-3570.83710318965,3075.79464542479
10,2,23,1,tat,Node_1_13_1401_1825,1401,812.582213671943,-2457.96819083869,4083.13261818258
10,2,23,1,tat,Node_1_163_430_1825,430,812.582213671943,-2457.96819083869,4083.13261818258
10,2,23,1,tat,Node_1_397_1696_1825,1696,1879.24458811644,-1370.71410474472,5129.2032809776
10,2,23,1,tat,Node_1_1020_1397_1825,1397,3945.30813350477,641.083589556114,7249.53267745342
10,2,23,1,tat,Node_1_257_1053_1825,1053,3947.75165715011,643.390701126414,7252.1126131738
10,2,23,1,tat,Node_1_1296_3180_3650,3180,3005.83759512557,-258.436196699566,6270.11138695071
10,2,23,1,tat,Node_1_226_2252_3650,2252,3992.37811530446,685.496619028546,7299.25961158038
10,2,23,1,tat,Node_1_750_236_3650,236,-247.006802851832,-3570.28947358294,3076.27586787928
10,2,23,1,tat,Node_1_594_3257_3650,3257,7419.09851162392,3765.78924561699,11072.4077776308
10,2,23,1,tat,Node_1_678_2398_3650,2398,2945.64974954563,-316.925211213483,6208.22471030475
10,2,23,1,tat,Node_1_429_3163_3650,3163,8327.18906213664,4537.71349036306,12116.6646339102
10,2,23,1,tat,Node_1_424_3333_3650,3333,8325.7743905525,4536.52324146696,12115.025539638
10,2,23,1,tat,Node_1_415_1450_3650,1450,3992.76393482741,685.860405712897,7299.66746394193
10,2,23,1,tat,Node_1_417_2090_3650,2090,5031.64730361962,1650.71540502557,8412.57920221368
10,2,23,1,tat,Node_1_44_2106_3650,2106,1865.48369179795,-1384.52943454775,5115.49681814365
10,2,23,1,tat,Node_1_957_3444_3650,3444,1855.45238420129,-1394.60391508025,5105.50868348283
10,2,23,1,tat,Node_1_1251_3330_3650,3330,2916.84189183216,-344.957027533176,6178.64081119749
10,2,23,1,tat,Node_1_977_3152_3650,3152,4057.71022119038,747.038957359221,7368.38148502154
10,2,23,1,tat,Node_1_441_1628_3650,1628,800.107382429947,-2470.87884925473,4071.09361411462
10,2,23,1,tat,Node_1_882_2411_3650,2411,1903.55121806218,-1346.32486667243,5153.42730279679
10,2,23,1,tat,Node_1_1011_2844_3650,2844,7195.32318831388,3573.02776300469,10817.6186136231
10,2,23,1,tat,Node_1_63_1610_3650,1610,-247.26401586713,-3570.56328748084,3076.03525574657
10,2,23,1,tat,Node_1_807_1992_3650,1992,2966.0981842619,-297.042197381249,6229.23856590504
10,2,23,1,tat,Node_1_128_849_3650,849,-248.550080943624,-3571.93238413357,3074.83222224632
10,2,23,1,tat,Node_1_737_3343_3650,3343,798.821317353454,-2472.21009901653,4069.85273372344
10,2,24,1,tat,Node_1_1280_381_1825,381,131.700440665756,-2018.17041147353,2281.57129280504
10,2,24,1,tat,Node_1_823_570_1825,570,868.698938551723,-1260.21692311242,2997.61480021587
10,2,24,1,tat,Node_1_24_713_1825,713,3998.12572377351,1844.09193730797,6152.15951023906
10,2,24,1,tat,Node_1_188_1167_1825,1167,863.402333640743,-1265.6281309641,2992.43279824559
10,2,24,1,tat,Node_1_1020_1397_1825,1397,3842.88704892807,1694.42431859587,5991.34977926027
10,2,24,1,tat,Node_1_257_1053_1825,1053,1607.0456631423,-511.070859257501,3725.16218554211
10,2,24,1,tat,Node_1_163_430_1825,430,867.639617569527,-1261.29912263274,2996.5783577718
10,2,24,1,tat,Node_1_556_477_1825,477,130.930025405978,-2018.96795968797,2280.82801049992
10,2,24,1,tat,Node_1_13_1401_1825,1401,-599.905150401758,-2780.34339603049,1580.53309522697
10,2,24,1,tat,Node_1_397_1696_1825,1696,1648.9753927699,-468.837939716278,3766.78872525607
10,2,24,1,tat,Node_1_957_3444_3650,3444,4693.52179763142,2509.23580638983,6877.80778887302
10,2,24,1,tat,Node_1_977_3152_3650,3152,2387.76522702072,269.798866434096,4505.73158760734
10,2,24,1,tat,Node_1_1251_3330_3650,3330,4650.57114689875,2468.40061957644,6832.74167422106
10,2,24,1,tat,Node_1_128_849_3650,849,131.796742573228,-2018.07071870604,2281.6642038525
10,2,24,1,tat,Node_1_737_3343_3650,3343,2323.82076045907,206.278808187102,4441.36271273104
10,2,24,1,tat,Node_1_63_1610_3650,1610,882.084903690381,-1246.54366824112,3010.71347562188
10,2,24,1,tat,Node_1_441_1628_3650,1628,3635.26013641766,1493.56123572509,5776.95903711024
10,2,24,1,tat,Node_1_44_2106_3650,2106,2381.40930112754,263.488609176142,4499.32999307895
10,2,24,1,tat,Node_1_882_2411_3650,2411,865.617277512607,-1263.36519828362,2994.59975330884
10,2,24,1,tat,Node_1_678_2398_3650,2398,863.69123936316,-1265.33296061943,2992.71543934575
10,2,24,1,tat,Node_1_750_236_3650,236,131.122629220922,-2018.76857162194,2281.01383006379
10,2,24,1,tat,Node_1_1011_2844_3650,2844,5330.75151937602,3111.37293436668,7550.13010438537
10,2,24,1,tat,Node_1_807_1992_3650,1992,878.136525484015,-1250.57643739682,3006.84948836485
10,2,24,1,tat,Node_1_226_2252_3650,2252,2372.74212945503,254.882473931524,4490.60178497854
10,2,24,1,tat,Node_1_1296_3180_3650,3180,2330.36929016719,212.787451993141,4447.95112834125
10,2,24,1,tat,Node_1_415_1450_3650,1450,1601.17124678649,-516.990424678071,3719.33291825105
10,2,24,1,tat,Node_1_417_2090_3650,2090,865.809881327553,-1263.16842587259,2994.78818852769
10,2,24,1,tat,Node_1_424_3333_3650,3333,4672.72058561739,2489.4631262342,6855.97804500058
10,2,24,1,tat,Node_1_429_3163_3650,3163,4852.99775640565,2660.5777679216,7045.4177448897
10,2,24,1,tat,Node_1_594_3257_3650,3257,-583.59172816181,-2763.24502924478,1596.06157292116
10,2,25,1,tat,Node_1_1280_381_1825,381,357.813174311786,-1766.52756497109,2482.15391359466
10,2,25,1,tat,Node_1_24_713_1825,713,1774.18291780011,-325.101852652595,3873.46768825281
10,2,25,1,tat,Node_1_188_1167_1825,1167,1066.66686609132,-1040.45432100072,3173.78805318336
10,2,25,1,tat,Node_1_13_1401_1825,1401,1066.57132037198,-1040.55155959526,3173.69420033923
10,2,25,1,tat,Node_1_397_1696_1825,1696,4739.53986321994,2571.35912943168,6907.7205970082
10,2,25,1,tat,Node_1_556_477_1825,477,358.290902908484,-1766.03511779393,2482.6169236109
10,2,25,1,tat,Node_1_823_570_1825,570,358.290902908484,-1766.03511779393,2482.6169236109
10,2,25,1,tat,Node_1_1020_1397_1825,1397,357.908720031126,-1766.42907520278,2482.24651526503
10,2,25,1,tat,Node_1_257_1053_1825,1053,357.144354276409,-1767.21699800942,2481.50570656224
10,2,25,1,tat,Node_1_163_430_1825,430,356.95326283773,-1767.41398037541,2481.32050605087
10,2,25,1,tat,Node_1_594_3257_3650,3257,2557.18008778707,455.555557278709,4658.80461829544
10,2,25,1,tat,Node_1_441_1628_3650,1628,1065.42477173991,-1041.71843603256,3172.56797951238
10,2,25,1,tat,Node_1_63_1610_3650,1610,1067.90896044274,-1039.19023479188,3175.00815567735
10,2,25,1,tat,Node_1_226_2252_3650,2252,3239.56761530958,1126.49639797101,5352.63883264815
10,2,25,1,tat,Node_1_957_3444_3650,3444,6120.27105339464,3867.26979755651,8373.27230923277
10,2,25,1,tat,Node_1_44_2106_3650,2106,2552.21171038142,450.638510471674,4653.78491029117
10,2,25,1,tat,Node_1_807_1992_3650,1992,1790.52123580716,-308.694003422352,3889.73647503667
10,2,25,1,tat,Node_1_429_3163_3650,3163,3192.08139279786,1080.08792186032,5304.0748637354
10,2,25,1,tat,Node_1_415_1450_3650,1450,1771.41209193926,-327.884970527678,3870.70915440621
10,2,25,1,tat,Node_1_417_2090_3650,2090,1771.41209193926,-327.884970527678,3870.70915440621
10,2,25,1,tat,Node_1_1296_3180_3650,3180,5457.27930689805,3248.87171116651,7665.68690262958
10,2,25,1,tat,Node_1_424_3333_3650,3333,3182.43127514457,1070.65171026807,5294.21084002108
10,2,25,1,tat,Node_1_678_2398_3650,2398,3214.05690824594,1101.56987816834,5326.54393832353
10,2,25,1,tat,Node_1_737_3343_3650,3343,2501.5724791315,400.495937845677,4602.64902041733
10,2,25,1,tat,Node_1_977_3152_3650,3152,4002.21354707724,1866.16170115007,6138.2653930044
10,2,25,1,tat,Node_1_882_2411_3650,2411,1068.57778047811,-1038.50958492595,3175.66514588218
10,2,25,1,tat,Node_1_1251_3330_3650,3330,4731.51402279542,2563.73401966819,6899.29402592265
10,2,25,1,tat,Node_1_128_849_3650,849,2133.43482251652,34.5146689070366,4232.354976126
10,2,25,1,tat,Node_1_1011_2844_3650,2844,1813.73884560665,-285.386262346677,3912.86395355997
10,2,25,1,tat,Node_1_750_236_3650,236,1064.94704314321,-1042.2046417963,3172.09872808272
10,2,26,1,tat,Node_1_1280_381_1825,381,632.962168641675,-1492.41646658464,2758.34080386799
10,2,26,1,tat,Node_1_163_430_1825,430,625.087113453017,-1500.49587317547,2750.67010008151
10,2,26,1,tat,Node_1_13_1401_1825,1401,2720.81430038134,608.470265002009,4833.15833576067
10,2,26,1,tat,Node_1_1020_1397_1825,1397,1317.56696637568,-794.466311404022,3429.60024415538
10,2,26,1,tat,Node_1_823_570_1825,570,2083.80983623211,-23.7650491555,4191.38472161972
10,2,26,1,tat,Node_1_24_713_1825,713,-73.4302817809511,-2221.6617600852,2074.8011965233
10,2,26,1,tat,Node_1_257_1053_1825,1053,-73.3427811677438,-2221.57086821299,2074.8853058775
10,2,26,1,tat,Node_1_556_477_1825,477,1313.19193571532,-798.898705927017,3425.28257735765
10,2,26,1,tat,Node_1_188_1167_1825,1167,622.899598122834,-1502.74035646549,2748.53955271116
10,2,26,1,tat,Node_1_397_1696_1825,1696,625.174614066224,-1500.40609568569,2750.75532381814
10,2,26,1,tat,Node_1_1296_3180_3650,3180,3524.24493085087,1394.99966339152,5653.49019831022
10,2,26,1,tat,Node_1_1251_3330_3650,3330,3515.49486953014,1386.49828787264,5644.49145118764
10,2,26,1,tat,Node_1_441_1628_3650,1628,1342.76714297939,-768.942749351149,3454.47703530992
10,2,26,1,tat,Node_1_807_1992_3650,1992,4933.52980716783,2746.2480920047,7120.81152233096
10,2,26,1,tat,Node_1_737_3343_3650,3343,2012.67183769456,-94.8480256844446,4120.19170107357
10,2,26,1,tat,Node_1_957_3444_3650,3444,4142.26176193411,1991.91794832056,6292.60557554767
10,2,26,1,tat,Node_1_1011_2844_3650,2844,622.287093830383,-1503.36882765407,2747.94301531483
10,2,26,1,tat,Node_1_977_3152_3650,3152,625.174614066224,-1500.40609568569,2750.75532381814
10,2,26,1,tat,Node_1_882_2411_3650,2411,5684.81007216581,3452.61485104989,7917.00529328173
10,2,26,1,tat,Node_1_678_2398_3650,2398,2766.66462170197,653.681273664648,4879.64796973929
10,2,26,1,tat,Node_1_63_1610_3650,1610,1345.39216137561,-766.284734105511,3457.06905685672
10,2,26,1,tat,Node_1_44_2106_3650,2106,4219.61230400938,2066.14263289977,6373.08197511898
10,2,26,1,tat,Node_1_417_2090_3650,2090,2725.88933594736,613.47648721927,4838.30218467545
10,2,26,1,tat,Node_1_424_3333_3650,3333,5536.321531553,3313.73692324568,7758.90613986032
10,2,26,1,tat,Node_1_429_3163_3650,3163,3429.21926490773,1302.59915661745,5555.83937319801
10,2,26,1,tat,Node_1_415_1450_3650,1450,1313.80444000777,-798.278148958783,3425.88702897432
10,2,26,1,tat,Node_1_594_3257_3650,3257,2840.34013802252,726.246568579212,4954.43370746584
10,2,26,1,tat,Node_1_128_849_3650,849,622.899598122834,-1502.74035646549,2748.53955271116
10,2,26,1,tat,Node_1_750_236_3650,236,-73.7802842337804,-2222.02532894651,2074.46476047895
10,2,26,1,tat,Node_1_226_2252_3650,2252,2060.79717495859,-46.749398631443,4168.34374854861
10,2,27,1,tat,Node_1_163_430_1825,430,708.223332634293,-2303.69468828422,3720.14135355281
10,2,27,1,tat,Node_1_823_570_1825,570,1673.05734831555,-1317.72314545727,4663.83784208836
10,2,27,1,tat,Node_1_188_1167_1825,1167,697.357008942833,-2314.93988769103,3709.6539055767
10,2,27,1,tat,Node_1_257_1053_1825,1053,1686.67010546749,-1303.99034639194,4677.33055732691
10,2,27,1,tat,Node_1_1280_381_1825,381,-266.044084932953,-3324.12272376036,2792.03455389446
10,2,27,1,tat,Node_1_556_477_1825,477,-266.282905233864,-3324.37583689775,2791.81002643002
10,2,27,1,tat,Node_1_397_1696_1825,1696,4683.86488190306,1599.65563073186,7768.07413307427
10,2,27,1,tat,Node_1_1020_1397_1825,1397,699.38698150058,-2312.83890010179,3711.61286310295
10,2,27,1,tat,Node_1_13_1401_1825,1401,709.178613837939,-2302.70624795346,3721.06347562934
10,2,27,1,tat,Node_1_24_713_1825,713,-266.999366136597,-3325.13518491668,2791.13645264348
10,2,27,1,tat,Node_1_957_3444_3650,3444,699.745211951945,-2312.46814884336,3711.95857274725
10,2,27,1,tat,Node_1_415_1450_3650,1450,1675.92319192648,-1314.83161579214,4666.67799964511
10,2,27,1,tat,Node_1_429_3163_3650,3163,1673.65439906783,-1317.12072523288,4664.42952336854
10,2,27,1,tat,Node_1_424_3333_3650,3333,2637.77195384635,-356.846651430461,5632.39055912315
10,2,27,1,tat,Node_1_417_2090_3650,2090,1683.32662125473,-1307.36285295927,4674.01609546873
10,2,27,1,tat,Node_1_1011_2844_3650,2844,3658.012279339,632.281122947988,6683.74343573001
10,2,27,1,tat,Node_1_807_1992_3650,1992,703.208106315158,-2308.88439413696,3715.30060676728
10,2,27,1,tat,Node_1_441_1628_3650,1628,717.059683768008,-2294.55253197284,3728.67189950885
10,2,27,1,tat,Node_1_737_3343_3650,3343,5632.10088667099,2470.88428806148,8793.3174852805
10,2,27,1,tat,Node_1_750_236_3650,236,698.312290146478,-2313.95117414047,3710.57575443343
10,2,27,1,tat,Node_1_882_2411_3650,2411,3642.72778008068,617.664725569863,6667.7908345915
10,2,27,1,tat,Node_1_594_3257_3650,3257,6039.28949972459,2838.62672382766,9239.95227562152
10,2,27,1,tat,Node_1_977_3152_3650,3152,3719.50850682363,691.028022703219,6747.98899094405
10,2,27,1,tat,Node_1_678_2398_3650,2398,3733.12126397557,704.018942943223,6762.22358500792
10,2,27,1,tat,Node_1_63_1610_3650,1610,1677.83375433377,-1312.90405203364,4668.57156070118
10,2,27,1,tat,Node_1_44_2106_3650,2106,5789.60287512193,2613.56857734519,8965.63717289866
10,2,27,1,tat,Node_1_1251_3330_3650,3330,6542.24505344358,3287.85367465954,9796.63643222762
10,2,27,1,tat,Node_1_128_849_3650,849,-267.118776287053,-3325.26174417496,2791.02419160085
10,2,27,1,tat,Node_1_1296_3180_3650,3180,5575.02283475321,2419.03708489259,8731.00858461384
10,2,27,1,tat,Node_1_226_2252_3650,2252,3218.10528506057,209.162688129096,6227.04788199204
10,2,28,1,tat,Node_1_24_713_1825,713,2276.25046943191,-608.414300349559,5160.91523921339
10,2,28,1,tat,Node_1_163_430_1825,430,548.311240041559,-2362.93998543684,3459.56246551995
10,2,28,1,tat,Node_1_556_477_1825,477,549.105225508654,-2362.11619590005,3460.32664691736
10,2,28,1,tat,Node_1_1280_381_1825,381,-330.744098528434,-3284.63120435441,2623.14300729755
10,2,28,1,tat,Node_1_823_570_1825,570,-330.517245537835,-3284.39089996162,2623.35640888594
10,2,28,1,tat,Node_1_257_1053_1825,1053,535.153766586833,-2376.59367181315,3446.90120498682
10,2,28,1,tat,Node_1_1020_1397_1825,1397,2337.50077689357,-547.640139491427,5222.64169327856
10,2,28,1,tat,Node_1_13_1401_1825,1401,570.202553634334,-2340.23276299466,3480.63787026333
10,2,28,1,tat,Node_1_188_1167_1825,1167,1425.66518118206,-1462.45532808915,4313.78569045327
10,2,28,1,tat,Node_1_397_1696_1825,1696,1415.11651711922,-1473.16462564305,4303.39765988149
10,2,28,1,tat,Node_1_1251_3330_3650,3330,3234.81778120675,331.592032037939,6138.04353037557
10,2,28,1,tat,Node_1_424_3333_3650,3333,532.771810185547,-2379.0659269469,3444.609547318
10,2,28,1,tat,Node_1_128_849_3650,849,531.977824718451,-2379.89004380546,3443.84569324237
10,2,28,1,tat,Node_1_1011_2844_3650,2844,4965.81952597019,1970.57699812623,7961.06205381416
10,2,28,1,tat,Node_1_63_1610_3650,1610,1832.97972580204,-1051.14264130824,4717.10209291232
10,2,28,1,tat,Node_1_44_2106_3650,2106,1826.28756257938,-1057.86572111448,4710.44084627324
10,2,28,1,tat,Node_1_415_1450_3650,1450,-330.290392547236,-3284.15059681267,2623.5698117182
10,2,28,1,tat,Node_1_750_236_3650,236,-330.290392547236,-3284.15059681267,2623.5698117182
10,2,28,1,tat,Node_1_594_3257_3650,3257,1413.75539917563,-1474.54668005803,4302.05747840929
10,2,28,1,tat,Node_1_807_1992_3650,1992,4945.28933032101,1951.56089895281,7939.01776168921
10,2,28,1,tat,Node_1_417_2090_3650,2090,544.114459715483,-2367.29456595331,3455.52348538428
10,2,28,1,tat,Node_1_737_3343_3650,3343,4083.47481903652,1144.30432315326,7022.64531491978
10,2,28,1,tat,Node_1_678_2398_3650,2398,534.926913596235,-2376.82911851478,3446.68294570725
10,2,28,1,tat,Node_1_226_2252_3650,2252,3181.62075491136,280.043618017499,6083.19789180522
10,2,28,1,tat,Node_1_882_2411_3650,2411,3183.43557883615,281.803387583714,6085.06777008858
10,2,28,1,tat,Node_1_429_3163_3650,3163,534.926913596236,-2376.82911851478,3446.68294570725
10,2,28,1,tat,Node_1_1296_3180_3650,3180,3203.96577448533,301.704933079085,6106.22661589158
10,2,28,1,tat,Node_1_441_1628_3650,1628,-328.135289136548,-3281.86777893803,2625.59720066494
10,2,28,1,tat,Node_1_957_3444_3650,3444,5995.05154431653,2911.70726201036,9078.3958266227
10,2,28,1,tat,Node_1_977_3152_3650,3152,2343.62580763973,-541.568076455848,5228.81969173531
10,2,29,1,tat,Node_1_1280_381_1825,381,648.035898739034,-1665.69611960717,2961.76791708523
10,2,29,1,tat,Node_1_1020_1397_1825,1397,655.709872575288,-1657.80886005517,2969.22860520574
10,2,29,1,tat,Node_1_13_1401_1825,1401,1830.60947796845,-464.423067287265,4125.64202322416
10,2,29,1,tat,Node_1_24_713_1825,713,1246.46374734025,-1054.22377464411,3547.15126932461
10,2,29,1,tat,Node_1_823_570_1825,570,59.9821258794173,-2273.59900890412,2393.56326066295
10,2,29,1,tat,Node_1_257_1053_1825,1053,650.522834704487,-1663.13993318879,2964.18560259776
10,2,29,1,tat,Node_1_163_430_1825,430,59.7689599395215,-2273.82061389462,2393.35853377366
10,2,29,1,tat,Node_1_556_477_1825,477,59.9821258794173,-2273.59900890412,2393.56326066295
10,2,29,1,tat,Node_1_188_1167_1825,1167,1804.17690142135,-490.959500110733,4099.31330295343
10,2,29,1,tat,Node_1_397_1696_1825,1696,1815.04836435604,-480.043574457365,4110.14030316945
10,2,29,1,tat,Node_1_63_1610_3650,1610,645.264741520387,-1668.54458853196,2959.07407157273
10,2,29,1,tat,Node_1_750_236_3650,236,1515.26599754904,-781.946063599986,3812.47805869807
10,2,29,1,tat,Node_1_737_3343_3650,3343,3319.64462345493,1007.20884584022,5632.08040106964
10,2,29,1,tat,Node_1_441_1628_3650,1628,1851.99712727134,-442.961950055796,4146.95620459847
10,2,29,1,tat,Node_1_128_849_3650,849,1559.5334577341,-737.248860334041,3856.31577580224
10,2,29,1,tat,Node_1_1251_3330_3650,3330,1842.19149403612,-452.800092892059,4137.18308096431
10,2,29,1,tat,Node_1_977_3152_3650,3152,3656.58891911712,1333.9421586942,5979.23567954004
10,2,29,1,tat,Node_1_44_2106_3650,2106,4971.96487890171,2588.15554831973,7355.77420948369
10,2,29,1,tat,Node_1_957_3444_3650,3444,3091.69917839286,784.872610330169,5398.52574645556
10,2,29,1,tat,Node_1_882_2411_3650,2411,1240.49510102317,-1060.28643844793,3541.27664049426
10,2,29,1,tat,Node_1_807_1992_3650,1992,1250.79812145147,-1049.82158389489,3551.41782679784
10,2,29,1,tat,Node_1_594_3257_3650,3257,5700.99239334584,3269.37028581259,8132.6145008791
10,2,29,1,tat,Node_1_1011_2844_3650,2844,3639.39353329885,1317.32294307325,5961.46412352445
10,2,29,1,tat,Node_1_226_2252_3650,2252,2414.39993203014,117.980162231871,4710.81970182842
10,2,29,1,tat,Node_1_678_2398_3650,2398,1829.40153764237,-465.635438956085,4124.43851424082
10,2,29,1,tat,Node_1_417_2090_3650,2090,4321.80876221907,1972.3938413108,6671.22368312734
10,2,29,1,tat,Node_1_415_1450_3650,1450,3737.80514221748,1412.35746033707,6063.25282409788
10,2,29,1,tat,Node_1_429_3163_3650,3163,4937.85832851836,2556.05016639058,7319.66649064614
10,2,29,1,tat,Node_1_424_3333_3650,3333,4939.35049009763,2557.45522626194,7321.24575393331
10,2,29,1,tat,Node_1_1296_3180_3650,3180,3428.00397623537,1112.53319050333,5743.4747619674
10,2,30,1,tat,Node_1_163_430_1825,430,244.017406398461,-2619.34228041387,3107.37709321079
10,2,30,1,tat,Node_1_24_713_1825,713,244.017406398461,-2619.34228041387,3107.37709321079
10,2,30,1,tat,Node_1_823_570_1825,570,911.224039333102,-1928.09743354362,3750.54551220982
10,2,30,1,tat,Node_1_556_477_1825,477,244.441406546487,-2618.89952159543,3107.7823346884
10,2,30,1,tat,Node_1_13_1401_1825,1401,1579.44827262301,-1246.95694847004,4405.85349371606
10,2,30,1,tat,Node_1_257_1053_1825,1053,2920.73034089032,86.0663593834065,5755.39432239723
10,2,30,1,tat,Node_1_1280_381_1825,381,1578.51547229735,-1247.89990927614,4404.93085387084
10,2,30,1,tat,Node_1_397_1696_1825,1696,3720.30982003886,859.160907123762,6581.45873295396
10,2,30,1,tat,Node_1_188_1167_1825,1167,2274.80851538661,-550.175755621223,5099.79278639445
10,2,30,1,tat,Node_1_1020_1397_1825,1397,922.84164338903,-1916.15925373082,3761.84254050888
10,2,30,1,tat,Node_1_424_3333_3650,3333,1580.46587297827,-1245.92828913757,4406.86003509411
10,2,30,1,tat,Node_1_415_1450_3650,1450,1581.48347333353,-1244.8996560836,4407.86660275067
10,2,30,1,tat,Node_1_417_2090_3650,2090,1576.73467167564,-1249.70016849359,4403.16951184487
10,2,30,1,tat,Node_1_429_3163_3650,3163,1584.36667434011,-1241.98533847352,4410.71868715375
10,2,30,1,tat,Node_1_1251_3330_3650,3330,1589.45467611643,-1236.84293969183,4415.7522919247
10,2,30,1,tat,Node_1_737_3343_3650,3343,915.124840694946,-1924.08861679217,3754.33829818207
10,2,30,1,tat,Node_1_977_3152_3650,3152,2995.86316712063,159.389226493163,5832.3371077481
10,2,30,1,tat,Node_1_957_3444_3650,3444,4382.25885113797,1487.3380663879,7277.17963588805
10,2,30,1,tat,Node_1_750_236_3650,236,244.441406546487,-2618.89952159543,3107.7823346884
10,2,30,1,tat,Node_1_807_1992_3650,1992,244.441406546487,-2618.89952159543,3107.7823346884
10,2,30,1,tat,Node_1_678_2398_3650,2398,2250.81010700831,-574.018339191379,5075.63855320799
10,2,30,1,tat,Node_1_128_849_3650,849,244.441406546487,-2618.89952159543,3107.7823346884
10,2,30,1,tat,Node_1_441_1628_3650,1628,3583.6969723447,728.194908769085,6439.19903592031
10,2,30,1,tat,Node_1_594_3257_3650,3257,6396.51395435309,3337.20540508049,9455.82250362568
10,2,30,1,tat,Node_1_1296_3180_3650,3180,3025.88237760091,188.645627724327,5863.1191274775
10,2,30,1,tat,Node_1_44_2106_3650,2106,3677.57060511778,818.237509408805,6536.90370082676
10,2,30,1,tat,Node_1_1011_2844_3650,2844,2264.20851168595,-560.705127179543,5089.12215055144
10,2,30,1,tat,Node_1_63_1610_3650,1610,-318.732196436347,-3210.8208905549,2573.3564976822
10,2,30,1,tat,Node_1_882_2411_3650,2411,915.379240783762,-1923.82718545308,3754.5856670206
10,2,30,1,tat,Node_1_226_2252_3650,2252,2951.76715172587,116.372688496666,5787.16161495507
