batch,rep,ali,sub,gene,nodeName,trueDate,nodeDate,lowCI,highCI
10,3,1,3,p17,Node_1_1258_1157_1825,1157,1160.35224641089,-326.699934756052,2647.40442757783
10,3,1,3,p17,Node_1_1101_608_1825,608,1469.03045832255,-15.1726597769359,2953.23357642204
10,3,1,3,p17,Node_1_111_86_1825,86,-51.1017478086052,-1561.39844792015,1459.19495230294
10,3,1,3,p17,Node_1_701_1163_1825,1163,246.722332503721,-1256.10250765514,1749.54717266258
10,3,1,3,p17,Node_1_364_842_1825,842,1164.33947842697,-322.66785087232,2651.34680772627
10,3,1,3,p17,Node_1_687_1536_1825,1536,1441.56285998954,-42.8425085846452,2925.96822856373
10,3,1,3,p17,Node_1_78_1380_1825,1380,2101.67127154085,619.343474845635,3583.99906823606
10,3,1,3,p17,Node_1_1186_1758_1825,1758,2738.85309899969,1253.01779746155,4224.68840053783
10,3,1,3,p17,Node_1_1171_964_1825,964,247.276114728177,-1255.53588553535,1750.0881149917
10,3,1,3,p17,Node_1_862_724_1825,724,250.045025850456,-1252.70283387728,1752.79288557819
10,3,1,3,p17,Node_1_1232_2252_3650,2252,2764.32708132465,1278.23931107897,4250.41485157034
10,3,1,3,p17,Node_1_1293_1833_3650,1833,1156.69728372948,-330.396196338069,2643.79076379703
10,3,1,3,p17,Node_1_1267_1817_3650,1817,1470.58104855103,-13.6109513741098,2954.77304847616
10,3,1,3,p17,Node_1_804_3239_3650,3239,3640.6320733035,2140.66267489102,5140.60147171598
10,3,1,3,p17,Node_1_791_1872_3650,1872,2422.31117950075,938.894253663812,3905.7281053377
10,3,1,3,p17,Node_1_814_1904_3650,1904,2096.35496218607,614.033661446518,3578.67626292563
10,3,1,3,p17,Node_1_570_20_3650,20,-50.990991363714,-1561.28470361296,1459.30272088553
10,3,1,3,p17,Node_1_260_3551_3650,3551,2381.6635642257,898.46059663458,3864.86653181682
10,3,1,3,p17,Node_1_270_3212_3650,3212,2697.54094505528,1212.09679194693,4182.98509816364
10,3,1,3,p17,Node_1_250_3133_3650,3133,2067.66904295926,585.376281932553,3549.96180398598
10,3,1,3,p17,Node_1_382_3042_3650,3042,3980.2113333398,2472.18511639256,5488.23755028703
10,3,1,3,p17,Node_1_647_3456_3650,3456,3674.5235454402,2173.81641534898,5175.23067553141
10,3,1,3,p17,Node_1_168_2498_3650,2498,1153.9283726072,-333.196512107179,2641.05325732159
10,3,1,3,p17,Node_1_960_743_3650,743,545.875490154741,-950.588020763585,2042.33900107307
10,3,1,3,p17,Node_1_510_359_3650,359,253.810744976755,-1248.85004128677,1756.47153124028
10,3,1,3,p17,Node_1_354_2135_3650,2135,2440.91826224247,957.396049162279,3924.44047532266
10,3,1,3,p17,Node_1_1183_1085_3650,1085,1457.06876227431,-27.2211994197814,2941.35872396839
10,3,1,3,p17,Node_1_1216_3492_3650,3492,3643.29022798089,2143.26350287214,5143.31695308964
10,3,1,3,p17,Node_1_1215_2960_3650,2960,2728.99577540437,1243.25586005318,4214.73569075557
10,3,1,3,p17,Node_1_22_2130_3650,2130,715.715449403548,-777.652377066256,2209.08327587335
10,3,2,3,p17,Node_1_1258_1157_1825,1157,496.051497329352,-1399.03831285653,2391.14130751523
10,3,2,3,p17,Node_1_1101_608_1825,608,-137.174003325385,-2051.52882866294,1777.18082201217
10,3,2,3,p17,Node_1_111_86_1825,86,178.149196221476,-1725.80241337803,2082.10080582098
10,3,2,3,p17,Node_1_687_1536_1825,1536,2098.12210612238,222.166605907316,3974.07760633745
10,3,2,3,p17,Node_1_1186_1758_1825,1758,2752.20468896621,871.638614763064,4632.77076316935
10,3,2,3,p17,Node_1_364_842_1825,842,178.70987047387,-1725.22466498018,2082.64440592792
10,3,2,3,p17,Node_1_78_1380_1825,1380,815.411551493456,-1072.44332095375,2703.26642394066
10,3,2,3,p17,Node_1_1171_964_1825,964,1129.94980708696,-752.431739567171,3012.3313537411
10,3,2,3,p17,Node_1_862_724_1825,724,492.463182114025,-1402.71745420921,2387.64381843726
10,3,2,3,p17,Node_1_701_1163_1825,1163,498.294194338932,-1396.7389566759,2393.32734535377
10,3,2,3,p17,Node_1_1216_3492_3650,3492,5083.82463497541,3129.61245916397,7038.03681078684
10,3,2,3,p17,Node_1_1215_2960_3650,2960,3479.95986857471,1585.8433144817,5374.07642266772
10,3,2,3,p17,Node_1_168_2498_3650,2498,2822.625375067,941.133742155279,4704.11700797872
10,3,2,3,p17,Node_1_260_3551_3650,3551,3424.00457818571,1531.24119826901,5316.76795810241
10,3,2,3,p17,Node_1_250_3133_3650,3133,3095.33733143185,1209.47902844677,4981.19563441694
10,3,2,3,p17,Node_1_270_3212_3650,3212,3116.75508787333,1230.50133668961,5003.00883905706
10,3,2,3,p17,Node_1_814_1904_3650,1904,1627.60427351263,-249.5008385377,3504.70938556295
10,3,2,3,p17,Node_1_791_1872_3650,1872,2316.78506455637,440.090898060087,4193.47923105265
10,3,2,3,p17,Node_1_804_3239_3650,3239,2639.28489453389,760.029292030111,4518.54049703766
10,3,2,3,p17,Node_1_1232_2252_3650,2252,2764.31525281793,883.595924880526,4645.03458075534
10,3,2,3,p17,Node_1_570_20_3650,20,-136.837598773948,-2051.18047818353,1777.50528063563
10,3,2,3,p17,Node_1_510_359_3650,359,-137.286138175864,-2051.64494588927,1777.07266953754
10,3,2,3,p17,Node_1_1183_1085_3650,1085,1138.02351632145,-744.239262022958,3020.28629466586
10,3,2,3,p17,Node_1_647_3456_3650,3456,7529.93426332363,5411.98807111595,9647.88045553131
10,3,2,3,p17,Node_1_354_2135_3650,2135,1447.62783849388,-430.90486661744,3326.1605436052
10,3,2,3,p17,Node_1_960_743_3650,743,496.387901880789,-1398.69340417396,2391.46920793554
10,3,2,3,p17,Node_1_1267_1817_3650,1817,1467.02716762674,-411.325426776662,3345.37976203015
10,3,2,3,p17,Node_1_1293_1833_3650,1833,1143.74239369588,-738.436916789854,3025.92170418161
10,3,2,3,p17,Node_1_22_2130_3650,2130,1461.75682965423,-416.644069945303,3340.15772925377
10,3,2,3,p17,Node_1_382_3042_3650,3042,3736.86081102203,1835.87371574917,5637.84790629489
10,3,3,3,p17,Node_1_1186_1758_1825,1758,1942.99349324763,304.827091308483,3581.15989518677
10,3,3,3,p17,Node_1_862_724_1825,724,526.777074491683,-1127.45684047879,2181.01098946216
10,3,3,3,p17,Node_1_687_1536_1825,1536,1375.66674526241,-265.411843881789,3016.74533440661
10,3,3,3,p17,Node_1_111_86_1825,86,240.398483085022,-1420.61739676773,1901.41436293777
10,3,3,3,p17,Node_1_78_1380_1825,1380,2250.88890189772,612.31618047635,3889.4616233191
10,3,3,3,p17,Node_1_1171_964_1825,964,1737.76404115906,99.0915991258587,3376.43648319227
10,3,3,3,p17,Node_1_701_1163_1825,1163,804.344016931986,-844.437862131272,2453.12589599524
10,3,3,3,p17,Node_1_364_842_1825,842,1096.8702704082,-547.37251103453,2741.11305185093
10,3,3,3,p17,Node_1_1258_1157_1825,1157,1365.72802491664,-275.44378920631,3006.89983903958
10,3,3,3,p17,Node_1_1101_608_1825,608,1082.52572557924,-561.910601314327,2726.96205247281
10,3,3,3,p17,Node_1_1183_1085_3650,1085,1376.99873871081,-264.067466531328,3018.06494395296
10,3,3,3,p17,Node_1_1216_3492_3650,3492,3821.61656066843,2159.37594491252,5483.85717642434
10,3,3,3,p17,Node_1_1215_2960_3650,2960,2671.38898745513,1030.00451451326,4312.77346039699
10,3,3,3,p17,Node_1_168_2498_3650,2498,2042.99546291235,404.850466476108,3681.1404593486
10,3,3,3,p17,Node_1_354_2135_3650,2135,1662.45518080704,23.4412804821823,3301.4690811319
10,3,3,3,p17,Node_1_570_20_3650,20,240.193561016038,-1420.82758918891,1901.21471122098
10,3,3,3,p17,Node_1_791_1872_3650,1872,1090.72260833865,-553.602753536626,2735.04797021392
10,3,3,3,p17,Node_1_804_3239_3650,3239,3721.81951307269,2062.14131328029,5381.49771286509
10,3,3,3,p17,Node_1_1232_2252_3650,2252,1673.11112839427,34.1506195905417,3312.07163719799
10,3,3,3,p17,Node_1_647_3456_3650,3456,4079.30606241718,2409.80007876984,5748.81204606451
10,3,3,3,p17,Node_1_22_2130_3650,2130,3235.02713819861,1585.81105617958,4884.24322021764
10,3,3,3,p17,Node_1_960_743_3650,743,805.778471414882,-842.978118828593,2454.53506165836
10,3,3,3,p17,Node_1_1293_1833_3650,1833,805.880932449374,-842.873852589401,2454.63571748815
10,3,3,3,p17,Node_1_1267_1817_3650,1817,1092.36198489053,-551.94130161444,2736.6652713955
10,3,3,3,p17,Node_1_814_1904_3650,1904,1089.39061489024,-554.95271209728,2733.73394187777
10,3,3,3,p17,Node_1_260_3551_3650,3551,4567.73781384313,2881.93202660076,6253.54360108551
10,3,3,3,p17,Node_1_270_3212_3650,3212,2807.55970229572,1164.70794635977,4450.41145823166
10,3,3,3,p17,Node_1_250_3133_3650,3133,3085.02418370153,1438.34408030171,4731.70428710134
10,3,3,3,p17,Node_1_510_359_3650,359,239.783716878068,-1421.2479758145,1900.81540957064
10,3,3,3,p17,Node_1_382_3042_3650,3042,2517.49251364733,877.438885500322,4157.54614179433
10,3,4,3,p17,Node_1_364_842_1825,842,1779.65917160997,99.1958037660518,3460.12253945389
10,3,4,3,p17,Node_1_862_724_1825,724,287.601522865713,-1414.70613013095,1989.90917586238
10,3,4,3,p17,Node_1_111_86_1825,86,-4.28804930131184,-1714.71121024788,1706.13511164526
10,3,4,3,p17,Node_1_1101_608_1825,608,1490.75350160456,-191.336525248605,3172.84352845773
10,3,4,3,p17,Node_1_687_1536_1825,1536,1202.70037507391,-482.264392899988,2887.6651430478
10,3,4,3,p17,Node_1_701_1163_1825,1163,583.647244472137,-1111.69538972792,2278.9898786722
10,3,4,3,p17,Node_1_78_1380_1825,1380,581.302749916579,-1114.08999167767,2276.69549151083
10,3,4,3,p17,Node_1_1258_1157_1825,1157,580.876478179204,-1114.52538254806,2276.27833890647
10,3,4,3,p17,Node_1_1171_964_1825,964,2387.62923704001,706.465554045453,4068.79292003456
10,3,4,3,p17,Node_1_1186_1758_1825,1758,3576.9273843142,1878.3202127232,5275.53455590519
10,3,4,3,p17,Node_1_270_3212_3650,3212,2061.74449381739,381.65163934099,3741.83734829378
10,3,4,3,p17,Node_1_260_3551_3650,3551,3826.08321480945,2121.16964457614,5530.99678504276
10,3,4,3,p17,Node_1_250_3133_3650,3133,1765.59220427662,85.0788451250182,3446.10556342822
10,3,4,3,p17,Node_1_570_20_3650,20,-4.07491343262468,-1714.49170045332,1706.34187358807
10,3,4,3,p17,Node_1_1232_2252_3650,2252,1465.39033323079,-216.902662312276,3147.68332877387
10,3,4,3,p17,Node_1_1293_1833_3650,1833,3286.95603496535,1594.54318026485,4979.36888966586
10,3,4,3,p17,Node_1_1267_1817_3650,1817,1469.97275440757,-212.282852473097,3152.22836128823
10,3,4,3,p17,Node_1_804_3239_3650,3239,5539.16275938226,3767.22082159143,7311.10469717309
10,3,4,3,p17,Node_1_791_1872_3650,1872,2398.28603047436,717.06022065168,4079.51184029705
10,3,4,3,p17,Node_1_22_2130_3650,2130,2718.30953730809,1034.41994901306,4402.19912560312
10,3,4,3,p17,Node_1_814_1904_3650,1904,1182.34589961429,-502.86917716048,2867.56097638905
10,3,4,3,p17,Node_1_382_3042_3650,3042,3271.50368448554,1579.3860968426,4963.62127212848
10,3,4,3,p17,Node_1_510_359_3650,359,287.8146587344,-1414.48751919955,1990.11683666835
10,3,4,3,p17,Node_1_960_743_3650,743,288.134362537431,-1414.15960404168,1990.42832911654
10,3,4,3,p17,Node_1_1183_1085_3650,1085,2071.22903997396,391.127718473875,3751.33036147405
10,3,4,3,p17,Node_1_354_2135_3650,2135,3394.26994484932,1699.70908580694,5088.83080389171
10,3,4,3,p17,Node_1_1215_2960_3650,2960,3320.31179841489,1627.2495244979,5013.37407233188
10,3,4,3,p17,Node_1_1216_3492_3650,3492,4496.07581802744,2769.77734087427,6222.37429518062
10,3,4,3,p17,Node_1_168_2498_3650,2498,1792.4473237312,112.026805569281,3472.86784189311
10,3,4,3,p17,Node_1_647_3456_3650,3456,1213.7126784201,-471.119256935221,2898.54461377543
10,3,5,3,p17,Node_1_364_842_1825,842,1792.72699793556,290.428023694271,3295.02597217686
10,3,5,3,p17,Node_1_1101_608_1825,608,838.164381489021,-673.044507192166,2349.37327017021
10,3,5,3,p17,Node_1_862_724_1825,724,994.062882166641,-514.856212695671,2502.98197702895
10,3,5,3,p17,Node_1_701_1163_1825,1163,2141.94882345936,639.839589699663,3644.05805721906
10,3,5,3,p17,Node_1_111_86_1825,86,211.9299770734,-1311.7120767283,1735.5720308751
10,3,5,3,p17,Node_1_1258_1157_1825,1157,526.252580059646,-990.505036436776,2043.01019655607
10,3,5,3,p17,Node_1_1171_964_1825,964,1170.51059611473,-336.208208596984,2677.22940082644
10,3,5,3,p17,Node_1_78_1380_1825,1380,1823.83781802661,321.622686660147,3326.05294939307
10,3,5,3,p17,Node_1_1186_1758_1825,1758,1154.20898558732,-352.695630183071,2661.11360135771
10,3,5,3,p17,Node_1_687_1536_1825,1536,1812.58741076121,310.343470613393,3314.83135090903
10,3,5,3,p17,Node_1_960_743_3650,743,520.971776649358,-995.890828200072,2037.83438149879
10,3,5,3,p17,Node_1_570_20_3650,20,211.355976702716,-1312.29982607286,1735.01177947829
10,3,5,3,p17,Node_1_1232_2252_3650,2252,1160.17858944242,-346.657569584922,2667.01474846977
10,3,5,3,p17,Node_1_510_359_3650,359,211.815176999263,-1311.82962625557,1735.4599802541
10,3,5,3,p17,Node_1_1267_1817_3650,1817,2010.15833835045,508.171341292755,3512.14533540814
10,3,5,3,p17,Node_1_1293_1833_3650,1833,2330.4505451918,827.75818013976,3833.14291024384
10,3,5,3,p17,Node_1_354_2135_3650,2135,1801.79620379236,299.523022436272,3304.06938514845
10,3,5,3,p17,Node_1_22_2130_3650,2130,1491.95080369745,-11.8331767447405,2995.73478413964
10,3,5,3,p17,Node_1_382_3042_3650,3042,4403.73988410035,2863.39761196479,5944.0821562359
10,3,5,3,p17,Node_1_647_3456_3650,3456,4518.99915853358,2974.92991298883,6063.06840407833
10,3,5,3,p17,Node_1_1215_2960_3650,2960,2476.36143941953,972.888043617542,3979.83483522152
10,3,5,3,p17,Node_1_1216_3492_3650,3492,2787.81404055236,1281.71351413786,4293.91456696685
10,3,5,3,p17,Node_1_791_1872_3650,1872,1806.15860660956,303.897435792112,3308.419777427
10,3,5,3,p17,Node_1_804_3239_3650,3239,3768.32147375379,2245.50378973394,5291.13915777364
10,3,5,3,p17,Node_1_270_3212_3650,3212,4463.55072272556,2921.29515930723,6005.80628614389
10,3,5,3,p17,Node_1_260_3551_3650,3551,3794.49589065696,2271.05870379824,5317.93307751567
10,3,5,3,p17,Node_1_250_3133_3650,3133,2430.44140976485,927.24480786509,3933.63801166462
10,3,5,3,p17,Node_1_814_1904_3650,1904,2135.29041915943,633.192997015397,3637.38784130347
10,3,5,3,p17,Node_1_1183_1085_3650,1085,1473.23839161317,-30.6783213864248,2977.15510461276
10,3,5,3,p17,Node_1_168_2498_3650,2498,3173.88668987403,1662.72411483102,4685.04926491704
10,3,6,3,p17,Node_1_1258_1157_1825,1157,1924.89599547315,304.891631914086,3544.90035903221
10,3,6,3,p17,Node_1_78_1380_1825,1380,401.604248066227,-1237.05912706558,2040.26762319804
10,3,6,3,p17,Node_1_862_724_1825,724,400.670222604539,-1238.01479736589,2039.35524257497
10,3,6,3,p17,Node_1_687_1536_1825,1536,981.426498561013,-646.191852385702,2609.04484950773
10,3,6,3,p17,Node_1_1101_608_1825,608,113.613064045639,-1532.30443443076,1759.53056252203
10,3,6,3,p17,Node_1_1186_1758_1825,1758,1273.56890685577,-350.311184296099,2897.44899800764
10,3,6,3,p17,Node_1_364_842_1825,842,699.247028524263,-933.147849783388,2331.64190683191
10,3,6,3,p17,Node_1_701_1163_1825,1163,1596.11903295883,-25.0698844514288,3217.30795036909
10,3,6,3,p17,Node_1_111_86_1825,86,-173.132752692699,-1827.41932385099,1481.15381846559
10,3,6,3,p17,Node_1_1171_964_1825,964,117.971849533518,-1527.82721622983,1763.77091529686
10,3,6,3,p17,Node_1_647_3456_3650,3456,3699.23303086054,2058.52917603111,5339.93688568996
10,3,6,3,p17,Node_1_354_2135_3650,2135,977.067713073134,-650.615733048464,2604.75115919473
10,3,6,3,p17,Node_1_510_359_3650,359,398.179488040036,-1240.56331162875,2036.92228770883
10,3,6,3,p17,Node_1_1215_2960_3650,2960,1289.03221727706,-334.684391510284,2912.7488260644
10,3,6,3,p17,Node_1_1216_3492_3650,3492,2159.12882514323,539.006501334273,3779.25114895218
10,3,6,3,p17,Node_1_814_1904_3650,1904,2501.91616958287,880.178974244967,4123.65336492077
10,3,6,3,p17,Node_1_791_1872_3650,1872,2835.67460122619,1210.72328850598,4460.6259139464
10,3,6,3,p17,Node_1_804_3239_3650,3239,5469.62640318747,3764.45557264518,7174.79723372975
10,3,6,3,p17,Node_1_168_2498_3650,2498,1293.28722215808,-330.385009443191,2916.95945375936
10,3,6,3,p17,Node_1_1267_1817_3650,1817,2186.73446656646,566.545507463358,3806.92342566956
10,3,6,3,p17,Node_1_1293_1833_3650,1833,692.501289078736,-940.02171659054,2325.02429474801
10,3,6,3,p17,Node_1_1232_2252_3650,2252,1909.74402687242,289.719724238436,3529.76832950641
10,3,6,3,p17,Node_1_250_3133_3650,3133,2142.10880561913,522.022025160983,3762.19558607727
10,3,6,3,p17,Node_1_270_3212_3650,3212,2150.09991234691,529.996970153118,3770.20285454069
10,3,6,3,p17,Node_1_260_3551_3650,3551,2433.83609148647,812.5558350961,4055.11634787684
10,3,6,3,p17,Node_1_1183_1085_3650,1085,401.500467459373,-1237.16531204712,2040.16624696586
10,3,6,3,p17,Node_1_22_2130_3650,2130,2507.41654174614,885.639485002036,4129.19359849025
10,3,6,3,p17,Node_1_570_20_3650,20,-172.821410872136,-1827.09828085988,1481.45545911561
10,3,6,3,p17,Node_1_960_743_3650,743,402.434492921061,-1236.20965267995,2041.07863852207
10,3,6,3,p17,Node_1_382_3042_3650,3042,1921.3674548401,301.358747157689,3541.37616252252
10,3,7,3,p17,Node_1_1101_608_1825,608,245.077797325733,-1441.10055403313,1931.25614868459
10,3,7,3,p17,Node_1_1186_1758_1825,1758,2672.88242298871,1006.49745881262,4339.26738716481
10,3,7,3,p17,Node_1_78_1380_1825,1380,543.299944846108,-1135.75424203705,2222.35413172927
10,3,7,3,p17,Node_1_1258_1157_1825,1157,543.875663277614,-1135.16601747188,2222.91734402711
10,3,7,3,p17,Node_1_862_724_1825,724,244.732366266829,-1441.45498152251,1930.91971405617
10,3,7,3,p17,Node_1_1171_964_1825,964,1450.51704921408,-214.877053335258,3115.91115176341
10,3,7,3,p17,Node_1_687_1536_1825,1536,2075.51697845755,412.410427813466,3738.62352910163
10,3,7,3,p17,Node_1_364_842_1825,842,-53.144350194642,-1747.72500836638,1641.4363079771
10,3,7,3,p17,Node_1_111_86_1825,86,-53.3746375672444,-1747.96227316586,1641.21299803137
10,3,7,3,p17,Node_1_701_1163_1825,1163,868.235427588387,-804.530519234584,2541.00137441136
10,3,7,3,p17,Node_1_647_3456_3650,3456,4333.94524157131,2630.8137714704,6037.07671167222
10,3,7,3,p17,Node_1_1183_1085_3650,1085,1456.15908984284,-209.188236718246,3121.50641640393
10,3,7,3,p17,Node_1_354_2135_3650,2135,3630.41731827035,1947.73173034756,5313.10290619313
10,3,7,3,p17,Node_1_804_3239_3650,3239,4170.21091965086,2472.46430902163,5867.95753028009
10,3,7,3,p17,Node_1_791_1872_3650,1872,2356.69786040533,692.712809741776,4020.68291106889
10,3,7,3,p17,Node_1_1267_1817_3650,1817,1749.89063359746,86.3217115213324,3413.4595556736
10,3,7,3,p17,Node_1_22_2130_3650,2130,2057.66970708085,394.578956301616,3720.76045786008
10,3,7,3,p17,Node_1_570_20_3650,20,-51.7626259590274,-1746.30143534076,1642.77618342271
10,3,7,3,p17,Node_1_510_359_3650,359,244.271791521623,-1441.92755417627,1930.47113721952
10,3,7,3,p17,Node_1_1215_2960_3650,2960,2396.99815061079,732.790242871123,4061.20605835045
10,3,7,3,p17,Node_1_1216_3492_3650,3492,2712.37670739006,1045.58722329814,4379.16619148197
10,3,7,3,p17,Node_1_168_2498_3650,2498,3381.24638111433,1704.09784458044,5058.39491764822
10,3,7,3,p17,Node_1_1293_1833_3650,1833,539.615346884466,-1139.51899350868,2218.74968727761
10,3,7,3,p17,Node_1_1232_2252_3650,2252,2100.96373313014,437.82640309899,3764.10106316129
10,3,7,3,p17,Node_1_960_743_3650,743,835.074045933611,-838.262700992498,2508.41079285972
10,3,7,3,p17,Node_1_814_1904_3650,1904,3699.84896111003,2015.46010067831,5384.23782154176
10,3,7,3,p17,Node_1_270_3212_3650,3212,2665.28293969283,998.97314882245,4331.5927305632
10,3,7,3,p17,Node_1_260_3551_3650,3551,3276.81105763905,1601.71405735236,4951.90805792574
10,3,7,3,p17,Node_1_250_3133_3650,3133,3276.35048289384,1601.26217644525,4951.43878934243
10,3,7,3,p17,Node_1_382_3042_3650,3042,4665.55905811907,2950.3798902639,6380.73822597423
10,3,8,3,p17,Node_1_862_724_1825,724,1045.73579292133,-378.424171642828,2469.89575748548
10,3,8,3,p17,Node_1_1186_1758_1825,1758,3358.43530153657,1928.56116445605,4788.30943861708
10,3,8,3,p17,Node_1_1101_608_1825,608,723.444661869694,-705.312432724827,2152.20175646421
10,3,8,3,p17,Node_1_111_86_1825,86,95.8608771425673,-1345.55760265726,1537.27935694239
10,3,8,3,p17,Node_1_701_1163_1825,1163,95.974200325075,-1345.44155630417,1537.38995695432
10,3,8,3,p17,Node_1_1258_1157_1825,1157,1360.43427074495,-60.5012065739704,2781.36974806387
10,3,8,3,p17,Node_1_78_1380_1825,1380,2017.25543655904,598.991457470171,3435.51941564791
10,3,8,3,p17,Node_1_364_842_1825,842,1039.84298743093,-384.389304404811,2464.07527926668
10,3,8,3,p17,Node_1_1171_964_1825,964,723.897954599724,-704.851759571431,2152.64766877088
10,3,8,3,p17,Node_1_687_1536_1825,1536,1043.24268290616,-380.9478281875,2467.43319399982
10,3,8,3,p17,Node_1_960_743_3650,743,1353.748202977,-67.2427275975435,2774.73913355155
10,3,8,3,p17,Node_1_168_2498_3650,2498,2031.19418800748,612.927230537151,3449.4611454778
10,3,8,3,p17,Node_1_22_2130_3650,2130,1063.41420939251,-360.531402591787,2487.35982137682
10,3,8,3,p17,Node_1_791_1872_3650,1872,1362.92738076012,-57.9875644347028,2783.84232595494
10,3,8,3,p17,Node_1_804_3239_3650,3239,2969.62346235297,1545.45910089328,4393.78782381266
10,3,8,3,p17,Node_1_270_3212_3650,3212,3981.37283578088,2538.43528587276,5424.31038568901
10,3,8,3,p17,Node_1_260_3551_3650,3551,3668.48752887738,2232.70855633159,5104.26650142317
10,3,8,3,p17,Node_1_250_3133_3650,3133,1993.79753777997,575.532967232129,3412.06210832781
10,3,8,3,p17,Node_1_1293_1833_3650,1833,2018.04869883659,599.7846168592,3436.31278081399
10,3,8,3,p17,Node_1_1183_1085_3650,1085,1049.47545794408,-374.638833880544,2473.5897497687
10,3,8,3,p17,Node_1_814_1904_3650,1904,2752.04295193836,1330.2428322155,4173.84307166123
10,3,8,3,p17,Node_1_382_3042_3650,3042,3630.63758591984,2195.64319609208,5065.6319757476
10,3,8,3,p17,Node_1_570_20_3650,20,95.4075844125368,-1346.02178963251,1536.83695845758
10,3,8,3,p17,Node_1_1215_2960_3650,2960,4057.41269124349,2612.55531263562,5502.27006985135
10,3,8,3,p17,Node_1_1216_3492_3650,3492,5327.99221351878,3840.9637716072,6815.02065543035
10,3,8,3,p17,Node_1_1232_2252_3650,2252,1037.12323105075,-387.142590366521,2461.38905246802
10,3,8,3,p17,Node_1_510_359_3650,359,409.1994767761,-1025.28967155822,1843.68862511042
10,3,8,3,p17,Node_1_354_2135_3650,2135,3361.49502746427,1931.56845124358,4791.42160368497
10,3,8,3,p17,Node_1_1267_1817_3650,1817,3351.63591058611,1921.87788703001,4781.39393414221
10,3,8,3,p17,Node_1_647_3456_3650,3456,6006.45810719182,4489.47546839735,7523.44074598629
10,3,9,3,p17,Node_1_1186_1758_1825,1758,2864.7772078672,1190.70659894451,4538.84781678989
10,3,9,3,p17,Node_1_111_86_1825,86,-123.197120563533,-1825.53050932048,1579.13626819342
10,3,9,3,p17,Node_1_364_842_1825,842,243.186409102787,-1448.60218968161,1934.97500788718
10,3,9,3,p17,Node_1_1258_1157_1825,1157,979.8640765916,-696.610125985544,2656.33827916874
10,3,9,3,p17,Node_1_701_1163_1825,1163,984.314078976211,-692.091859726704,2660.72001767913
10,3,9,3,p17,Node_1_1101_608_1825,608,979.594379477381,-696.883969735946,2656.07272869071
10,3,9,3,p17,Node_1_1171_964_1825,964,609.569938769107,-1073.60907050935,2292.74894804757
10,3,9,3,p17,Node_1_687_1536_1825,1536,608.89569598356,-1074.29736066863,2292.08875263575
10,3,9,3,p17,Node_1_78_1380_1825,1380,2485.31336816127,815.041951076574,4155.58478524597
10,3,9,3,p17,Node_1_862_724_1825,724,1737.71296754659,68.6095521152415,3406.81638297795
10,3,9,3,p17,Node_1_1183_1085_3650,1085,1724.36296039276,55.2040891169829,3393.52183166854
10,3,9,3,p17,Node_1_354_2135_3650,2135,2489.62852198877,819.326006298173,4159.93103767937
10,3,9,3,p17,Node_1_510_359_3650,359,1719.77810945104,50.5995754109258,3388.95664349115
10,3,9,3,p17,Node_1_382_3042_3650,3042,2898.89389281589,1224.37646243792,4573.41132319386
10,3,9,3,p17,Node_1_1293_1833_3650,1833,1927.44488739956,258.840224325348,3596.04955047377
10,3,9,3,p17,Node_1_1267_1817_3650,1817,2098.70255492854,430.083544866626,3767.32156499045
10,3,9,3,p17,Node_1_22_2130_3650,2130,2855.06811175533,1181.12149575069,4529.01472775996
10,3,9,3,p17,Node_1_960_743_3650,743,984.71862464754,-691.681122801052,2661.11837209613
10,3,9,3,p17,Node_1_804_3239_3650,3239,3265.00772536799,1584.60901596131,4945.40643477468
10,3,9,3,p17,Node_1_791_1872_3650,1872,611.862364239967,-1071.26893375925,2294.99366223918
10,3,9,3,p17,Node_1_1232_2252_3650,2252,3648.11247611588,1959.44871356882,5336.77623866294
10,3,9,3,p17,Node_1_1216_3492_3650,3492,2863.42872229611,1189.37541851404,4537.48202607818
10,3,9,3,p17,Node_1_1215_2960_3650,2960,3236.95922548923,1557.0811415189,4916.83730945956
10,3,9,3,p17,Node_1_814_1904_3650,1904,989.438324146369,-686.889371227855,2665.76601952059
10,3,9,3,p17,Node_1_250_3133_3650,3133,2879.0711549208,1204.81544784795,4553.32686199366
10,3,9,3,p17,Node_1_260_3551_3650,3551,2488.28003641768,817.987269013244,4158.57280382211
10,3,9,3,p17,Node_1_270_3212_3650,3212,2873.81206119354,1199.62480978312,4547.99931260396
10,3,9,3,p17,Node_1_168_2498_3650,2498,3277.81833829339,1597.1779913944,4958.45868519238
10,3,9,3,p17,Node_1_570_20_3650,20,-124.275909020408,-1826.64316969494,1578.09135165412
10,3,9,3,p17,Node_1_647_3456_3650,3456,6050.67012726137,4263.47600963499,7837.86424488775
10,3,10,3,p17,Node_1_1171_964_1825,964,1231.45256890174,-101.000063251338,2563.90520105482
10,3,10,3,p17,Node_1_1101_608_1825,608,629.039152966516,-711.138446807401,1969.21675274043
10,3,10,3,p17,Node_1_364_842_1825,842,332.831285138195,-1012.70274159564,1678.36531187203
10,3,10,3,p17,Node_1_1258_1157_1825,1157,927.905978315737,-407.904675446024,2263.7166320775
10,3,10,3,p17,Node_1_1186_1758_1825,1758,1820.14576402912,491.082823105925,3149.20870495232
10,3,10,3,p17,Node_1_687_1536_1825,1536,2168.7882741696,839.779718377281,3497.79682996192
10,3,10,3,p17,Node_1_78_1380_1825,1380,1553.61186213405,223.526511759719,2883.69721250838
10,3,10,3,p17,Node_1_701_1163_1825,1163,932.37302695085,-403.380315692414,2268.12636959411
10,3,10,3,p17,Node_1_111_86_1825,86,35.7725509031869,-1316.14917698243,1387.6942787888
10,3,10,3,p17,Node_1_862_724_1825,724,332.618568536523,-1012.9196698762,1678.15680694925
10,3,10,3,p17,Node_1_570_20_3650,20,36.091625805695,-1315.82270011931,1388.0059517307
10,3,10,3,p17,Node_1_260_3551_3650,3551,4667.78291061277,3297.22586979371,6038.33995143182
10,3,10,3,p17,Node_1_270_3212_3650,3212,3380.31567899272,2040.23025704127,4720.40110094418
10,3,10,3,p17,Node_1_250_3133_3650,3133,3158.55862174962,1821.79914205438,4495.31810144486
10,3,10,3,p17,Node_1_1215_2960_3650,2960,3456.89365559466,2115.52615201771,4798.2611591716
10,3,10,3,p17,Node_1_1216_3492_3650,3492,3448.17227492611,2106.95423381927,4789.39031603295
10,3,10,3,p17,Node_1_791_1872_3650,1872,2202.61021383546,873.529521131229,3531.69090653968
10,3,10,3,p17,Node_1_804_3239_3650,3239,4740.00019688043,3367.1849575612,6112.81543619965
10,3,10,3,p17,Node_1_22_2130_3650,2130,1838.22667517125,509.202322820974,3167.25102752152
10,3,10,3,p17,Node_1_510_359_3650,359,929.501352828277,-406.288805680534,2265.29151133709
10,3,10,3,p17,Node_1_1293_1833_3650,1833,1848.01163884816,519.006538387822,3177.0167393085
10,3,10,3,p17,Node_1_1183_1085_3650,1085,925.991528900688,-409.84375875682,2261.8268165582
10,3,10,3,p17,Node_1_647_3456_3650,3456,3809.36506456524,2461.21967068811,5157.51045844236
10,3,10,3,p17,Node_1_354_2135_3650,2135,1533.93557647939,203.741107138038,2864.13004582074
10,3,10,3,p17,Node_1_168_2498_3650,2498,3431.36766339401,2090.43511363006,4772.30021315797
10,3,10,3,p17,Node_1_1267_1817_3650,1817,1552.65463742653,222.564085501618,2882.74518935144
10,3,10,3,p17,Node_1_1232_2252_3650,2252,2799.70571472888,1467.10183176424,4132.30959769353
10,3,10,3,p17,Node_1_814_1904_3650,1904,934.287476365898,-401.441376362995,2270.01632909479
10,3,10,3,p17,Node_1_960_743_3650,743,35.6661926023509,-1316.25800286066,1387.59038806536
10,3,10,3,p17,Node_1_382_3042_3650,3042,2928.96099355134,1595.03575088108,4262.8862362216
10,3,11,3,p17,Node_1_701_1163_1825,1163,2272.48320686569,252.892864585455,4292.07354914592
10,3,11,3,p17,Node_1_1101_608_1825,608,-160.308715800056,-2221.55202519243,1900.93459359231
10,3,11,3,p17,Node_1_78_1380_1825,1380,1852.86933074313,-166.300018359606,3872.03867984587
10,3,11,3,p17,Node_1_687_1536_1825,1536,2297.55178873859,277.834962875738,4317.26861460145
10,3,11,3,p17,Node_1_1186_1758_1825,1758,2247.9843654899,228.506599925181,4267.46213105462
10,3,11,3,p17,Node_1_364_842_1825,842,1046.82896245476,-980.49795873739,3074.1558836469
10,3,11,3,p17,Node_1_111_86_1825,86,-160.0238455515,-2221.25615469979,1901.20846359679
10,3,11,3,p17,Node_1_1171_964_1825,964,-159.454105054389,-2220.66441787536,1901.75620776658
10,3,11,3,p17,Node_1_1258_1157_1825,1157,1037.42824425242,-990.063040285934,3064.91952879077
10,3,11,3,p17,Node_1_862_724_1825,724,-569.952133223164,-2648.43734235314,1508.53307590681
10,3,11,3,p17,Node_1_1232_2252_3650,2252,1037.5706793767,-989.918102966083,3065.05946171947
10,3,11,3,p17,Node_1_250_3133_3650,3133,2241.43234977312,221.982843403319,4260.88185614292
10,3,11,3,p17,Node_1_804_3239_3650,3239,2256.38803782229,236.872884759908,4275.90319088468
10,3,11,3,p17,Node_1_791_1872_3650,1872,2252.96959483962,233.469805095585,4272.46938458366
10,3,11,3,p17,Node_1_647_3456_3650,3456,3566.50631092999,1525.57210032489,5607.44052153509
10,3,11,3,p17,Node_1_1215_2960_3650,2960,2684.97532677435,661.853998096688,4708.09665545202
10,3,11,3,p17,Node_1_1216_3492_3650,3492,3896.52849388178,1845.38343927399,5947.67354848957
10,3,11,3,p17,Node_1_570_20_3650,20,-160.166280675778,-2221.40408977275,1901.07152842119
10,3,11,3,p17,Node_1_510_359_3650,359,-159.881410427223,-2221.10821997358,1901.34539911913
10,3,11,3,p17,Node_1_1293_1833_3650,1833,2705.20111442181,681.827393643254,4728.57483520036
10,3,11,3,p17,Node_1_260_3551_3650,3551,3102.45267603275,1072.62753949825,5132.27781256724
10,3,11,3,p17,Node_1_270_3212_3650,3212,4643.31585047057,2562.1447622846,6724.48693865654
10,3,11,3,p17,Node_1_354_2135_3650,2135,639.74937726865,-1396.14321854871,2675.64197308601
10,3,11,3,p17,Node_1_960_743_3650,743,639.179636771538,-1396.72701657515,2675.08629011822
10,3,11,3,p17,Node_1_22_2130_3650,2130,3171.81858155606,1140.57646032339,5203.06070278872
10,3,11,3,p17,Node_1_1183_1085_3650,1085,1049.67766494031,-977.599762563275,3076.9550924439
10,3,11,3,p17,Node_1_814_1904_3650,1904,640.888858262872,-1394.97563976839,2676.75335629414
10,3,11,3,p17,Node_1_382_3042_3650,3042,1049.96253518887,-977.309950963579,3077.23502134132
10,3,11,3,p17,Node_1_168_2498_3650,2498,5405.34376535709,3283.99976540618,7526.68776530799
10,3,11,3,p17,Node_1_1267_1817_3650,1817,1564.43820408048,-456.298038945476,3585.17444710643
10,3,12,3,p17,Node_1_687_1536_1825,1536,326.392606050144,-1140.82866183481,1793.6138739351
10,3,12,3,p17,Node_1_1171_964_1825,964,1515.60568449503,65.1335465060843,2966.07782248398
10,3,12,3,p17,Node_1_78_1380_1825,1380,1214.94756874634,-238.039843895094,2667.93498138777
10,3,12,3,p17,Node_1_364_842_1825,842,624.388145499258,-836.936684948444,2085.71297594696
10,3,12,3,p17,Node_1_1101_608_1825,608,623.216611927442,-838.129196236745,2084.56242009163
10,3,12,3,p17,Node_1_862_724_1825,724,325.327575530312,-1141.91677620172,1792.57192726235
10,3,12,3,p17,Node_1_1258_1157_1825,1157,1850.66428603432,401.609800689722,3299.71877137891
10,3,12,3,p17,Node_1_111_86_1825,86,28.7165757569804,-1445.5089665895,1502.94211810346
10,3,12,3,p17,Node_1_701_1163_1825,1163,2143.22816983228,694.213980484726,3592.24235917984
10,3,12,3,p17,Node_1_1186_1758_1825,1758,3116.55956190714,1659.66066538201,4573.45845843227
10,3,12,3,p17,Node_1_1215_2960_3650,2960,2186.78791809343,737.684189341114,3635.89164684575
10,3,12,3,p17,Node_1_1216_3492_3650,3492,2483.39891786676,1033.02769715022,3933.77013858331
10,3,12,3,p17,Node_1_960_743_3650,743,624.388145499258,-836.936684948444,2085.71297594696
10,3,12,3,p17,Node_1_1232_2252_3650,2252,1515.28617533908,64.8119876109736,2965.76036306719
10,3,12,3,p17,Node_1_354_2135_3650,2135,3778.26302387903,2309.048680598,5247.47736716006
10,3,12,3,p17,Node_1_804_3239_3650,3239,3667.92586202439,2201.15002568584,5134.70169836294
10,3,12,3,p17,Node_1_791_1872_3650,1872,2161.5466947734,712.497867207394,3610.59552233941
10,3,12,3,p17,Node_1_1293_1833_3650,1833,2764.56697510252,1311.93745219477,4217.19649801028
10,3,12,3,p17,Node_1_1267_1817_3650,1817,1238.27173713067,-214.478602583607,2691.02207684495
10,3,12,3,p17,Node_1_168_2498_3650,2498,1547.23709093406,96.9613022367801,2997.51287963133
10,3,12,3,p17,Node_1_510_359_3650,359,924.833255143986,-531.690166589668,2381.35667687764
10,3,12,3,p17,Node_1_250_3133_3650,3133,2128.5307486586,679.541184518247,3577.52031279895
10,3,12,3,p17,Node_1_270_3212_3650,3212,2743.47937080984,1291.05480287918,4195.90393874051
10,3,12,3,p17,Node_1_260_3551_3650,3551,3358.85400516902,1898.09118273747,4819.61682760057
10,3,12,3,p17,Node_1_647_3456_3650,3456,3684.54033813378,2217.40708987262,5151.67358639493
10,3,12,3,p17,Node_1_570_20_3650,20,28.8230788089636,-1445.39976021877,1503.0459178367
10,3,12,3,p17,Node_1_814_1904_3650,1904,4166.04063615002,2687.05272325681,5645.02854904322
10,3,12,3,p17,Node_1_382_3042_3650,3042,3054.36177954893,1598.33342623587,4510.39013286199
10,3,12,3,p17,Node_1_22_2130_3650,2130,2481.69486903503,1031.33420319325,3932.05553487681
10,3,12,3,p17,Node_1_1183_1085_3650,1085,1227.19541972441,-225.666624487638,2680.05746393646
10,3,13,3,p17,Node_1_1186_1758_1825,1758,1997.18448716608,-158.209030883461,4152.57800521562
10,3,13,3,p17,Node_1_1258_1157_1825,1157,-519.10249128874,-2735.60268852561,1697.39770594813
10,3,13,3,p17,Node_1_862_724_1825,724,307.664445881422,-1875.59889432865,2490.9277860915
10,3,13,3,p17,Node_1_1171_964_1825,964,1126.80719513965,-1036.10199640538,3289.71638668468
10,3,13,3,p17,Node_1_111_86_1825,86,-100.839542440021,-2298.96201290068,2097.28292802064
10,3,13,3,p17,Node_1_364_842_1825,842,-100.077123648828,-2298.16899572989,2098.01474843223
10,3,13,3,p17,Node_1_1101_608_1825,608,719.675560642354,-1451.75807656816,2891.10919785287
10,3,13,3,p17,Node_1_687_1536_1825,1536,1133.05902922744,-1029.74400456362,3295.86206301849
10,3,13,3,p17,Node_1_701_1163_1825,1163,715.101047895194,-1456.44632739644,2886.64842318683
10,3,13,3,p17,Node_1_78_1380_1825,1380,307.054510848467,-1876.22870641367,2490.33772811061
10,3,13,3,p17,Node_1_1183_1085_3650,1085,1146.3251161942,-1016.25514409714,3308.90537648555
10,3,13,3,p17,Node_1_791_1872_3650,1872,1144.19034357886,-1018.42553694901,3306.80622410674
10,3,13,3,p17,Node_1_804_3239_3650,3239,2791.62486758964,630.271567375089,4952.97816780419
10,3,13,3,p17,Node_1_22_2130_3650,2130,2828.67842084164,666.749329418434,4990.60751226485
10,3,13,3,p17,Node_1_960_743_3650,743,715.253531653434,-1456.29004596742,2886.79710927429
10,3,13,3,p17,Node_1_382_3042_3650,3042,4109.84695756309,1911.96470238209,6307.72921274409
10,3,13,3,p17,Node_1_1267_1817_3650,1817,1139.6158308317,-1023.07667375213,3302.30833541553
10,3,13,3,p17,Node_1_1293_1833_3650,1833,1966.5352517601,-188.873524494401,4121.9440280146
10,3,13,3,p17,Node_1_510_359_3650,359,-100.229607407067,-2298.32759831276,2097.86838349863
10,3,13,3,p17,Node_1_1232_2252_3650,2252,1537.75092359291,-619.782733272669,3695.28458045849
10,3,13,3,p17,Node_1_354_2135_3650,2135,2372.44701619149,215.761929409626,4529.13210297335
10,3,13,3,p17,Node_1_1216_3492_3650,3492,3628.30324904531,1447.55661336076,5809.04988472986
10,3,13,3,p17,Node_1_1215_2960_3650,2960,2808.85553227061,647.237764588362,4970.47329995286
10,3,13,3,p17,Node_1_814_1904_3650,1904,2840.41967022602,678.302613828303,5002.53672662373
10,3,13,3,p17,Node_1_168_2498_3650,2498,3311.7469669418,1139.90316240062,5483.59077148299
10,3,13,3,p17,Node_1_260_3551_3650,3551,2779.88361820526,618.70725533332,4941.0599810772
10,3,13,3,p17,Node_1_270_3212_3650,3212,2363.60295821364,206.979743997116,4520.22617243017
10,3,13,3,p17,Node_1_250_3133_3650,3133,2778.35878062287,617.205201830887,4939.51235941486
10,3,13,3,p17,Node_1_647_3456_3650,3456,5498.36406008458,3227.74697672557,7768.98114344359
10,3,13,3,p17,Node_1_570_20_3650,20,-101.144509956498,-2299.27922274846,2096.99020283546
10,3,14,3,p17,Node_1_1101_608_1825,608,1055.58114544898,-579.906565601343,2691.06885649931
10,3,14,3,p17,Node_1_687_1536_1825,1536,1685.1478442209,55.532450342826,3314.76323809898
10,3,14,3,p17,Node_1_701_1163_1825,1163,449.888625955921,-1196.66794926224,2096.44520117408
10,3,14,3,p17,Node_1_862_724_1825,724,1253.00224333188,-380.022087798116,2886.02657446188
10,3,14,3,p17,Node_1_78_1380_1825,1380,753.02183497263,-887.336376336214,2393.38004628147
10,3,14,3,p17,Node_1_111_86_1825,86,148.477112560285,-1505.53660094547,1802.49082606604
10,3,14,3,p17,Node_1_1258_1157_1825,1157,1365.48635724191,-266.388050746471,2997.36076523028
10,3,14,3,p17,Node_1_1186_1758_1825,1758,1367.78195140333,-264.070909862092,2999.63481266876
10,3,14,3,p17,Node_1_364_842_1825,842,1660.47020698554,30.7336838175045,3290.20673015358
10,3,14,3,p17,Node_1_1171_964_1825,964,448.626049167136,-1197.95908323119,2095.21118156546
10,3,14,3,p17,Node_1_1215_2960_3650,2960,3451.37799202443,1807.30082521443,5095.45515883443
10,3,14,3,p17,Node_1_1216_3492_3650,3492,3753.4781836685,2102.41144505846,5404.54492227854
10,3,14,3,p17,Node_1_354_2135_3650,2135,1667.93088801019,38.2319262656845,3297.62984975469
10,3,14,3,p17,Node_1_382_3042_3650,3042,3273.12510538946,1632.56225852826,4913.68795225066
10,3,14,3,p17,Node_1_1293_1833_3650,1833,1665.8648532649,36.1555715353211,3295.57413499448
10,3,14,3,p17,Node_1_260_3551_3650,3551,3508.07916781173,1862.78892566481,5153.36940995865
10,3,14,3,p17,Node_1_270_3212_3650,3212,4506.31828890916,2832.28174403321,6180.35483378511
10,3,14,3,p17,Node_1_250_3133_3650,3133,1970.60497819461,341.741765119801,3599.46819126942
10,3,14,3,p17,Node_1_960_743_3650,743,1366.28981519841,-265.577042690003,2998.15667308681
10,3,14,3,p17,Node_1_22_2130_3650,2130,2660.77536282826,1028.79413711592,4292.7565885406
10,3,14,3,p17,Node_1_570_20_3650,20,147.673654603785,-1506.36164641663,1801.7089556242
10,3,14,3,p17,Node_1_168_2498_3650,2498,2743.76109176392,1110.93571774805,4376.58646577979
10,3,14,3,p17,Node_1_1183_1085_3650,1085,1692.03462670519,62.4514438746321,3321.61780953575
10,3,14,3,p17,Node_1_510_359_3650,359,1050.98995712612,-584.561774291849,2686.5416885441
10,3,14,3,p17,Node_1_791_1872_3650,1872,3274.27290247018,1633.68888300558,4914.85692193478
10,3,14,3,p17,Node_1_804_3239_3650,3239,4206.39891171845,2542.45047826138,5870.34734517552
10,3,14,3,p17,Node_1_814_1904_3650,1904,2616.58517522075,985.012477026675,4248.15787341482
10,3,14,3,p17,Node_1_647_3456_3650,3456,5526.70989366438,3809.39692185533,7244.02286547343
10,3,14,3,p17,Node_1_1267_1817_3650,1817,1682.27835151912,52.6493312665464,3311.90737177169
10,3,14,3,p17,Node_1_1232_2252_3650,2252,2009.6300789389,380.776819348093,3638.48333852971
10,3,15,3,p17,Node_1_1171_964_1825,964,-66.7614458643973,-2185.67287425905,2052.14998253026
10,3,15,3,p17,Node_1_78_1380_1825,1380,3512.03956796292,1411.94470168564,5612.1344342402
10,3,15,3,p17,Node_1_701_1163_1825,1163,-69.0772928909689,-2188.07703819918,2049.92245241724
10,3,15,3,p17,Node_1_1186_1758_1825,1758,1445.35043619122,-636.611587423851,3527.3124598063
10,3,15,3,p17,Node_1_1101_608_1825,608,-67.7150299341623,-2186.66281262762,2051.2327527593
10,3,15,3,p17,Node_1_111_86_1825,86,-441.792437873328,-2576.23365465898,1692.64877891233
10,3,15,3,p17,Node_1_862_724_1825,724,-67.578803638482,-2186.52139187588,2051.36378459891
10,3,15,3,p17,Node_1_364_842_1825,842,687.251100728202,-1408.01239645779,2782.51459791419
10,3,15,3,p17,Node_1_687_1536_1825,1536,1051.11153649132,-1036.44097431821,3138.66404730085
10,3,15,3,p17,Node_1_1258_1157_1825,1157,315.62576611129,-1790.01266870287,2421.26420092545
10,3,15,3,p17,Node_1_960_743_3650,743,678.532617804639,-1416.94547332341,2774.01070893269
10,3,15,3,p17,Node_1_260_3551_3650,3551,3015.35849391114,926.863366525455,5103.85362129682
10,3,15,3,p17,Node_1_510_359_3650,359,-69.0772928909689,-2188.07703819918,2049.92245241724
10,3,15,3,p17,Node_1_250_3133_3650,3133,1841.2240514393,-238.039795283798,3920.4878981624
10,3,15,3,p17,Node_1_270_3212_3650,3212,2613.21846906175,530.78070726728,4695.65623085622
10,3,15,3,p17,Node_1_814_1904_3650,1904,2623.84412012484,541.284967937125,4706.40327231256
10,3,15,3,p17,Node_1_1216_3492_3650,3492,5421.5235545191,3236.09887546315,7606.94823357506
10,3,15,3,p17,Node_1_1215_2960_3650,2960,5420.56997044934,3235.20328562068,7605.936655278
10,3,15,3,p17,Node_1_570_20_3650,20,-441.792437873328,-2576.23365465898,1692.64877891233
10,3,15,3,p17,Node_1_791_1872_3650,1872,688.749589980691,-1406.47716391218,2783.97634387356
10,3,15,3,p17,Node_1_804_3239_3650,3239,4233.49402988784,2108.59618048069,6358.39187929499
10,3,15,3,p17,Node_1_1183_1085_3650,1085,-67.578803638482,-2186.52139187588,2051.36378459891
10,3,15,3,p17,Node_1_354_2135_3650,2135,1062.96322421554,-1024.3791751575,3150.30562358857
10,3,15,3,p17,Node_1_1232_2252_3650,2252,3119.70783640254,1029.15155020852,5210.26412259657
10,3,15,3,p17,Node_1_647_3456_3650,3456,2627.24977751686,544.651272951551,4709.84828208217
10,3,15,3,p17,Node_1_168_2498_3650,2498,3894.42677993861,1782.34425901803,6006.50930085919
10,3,15,3,p17,Node_1_382_3042_3650,3042,1431.18290144043,-650.92993770947,3513.29574059034
10,3,15,3,p17,Node_1_1293_1833_3650,1833,2216.52749603959,137.113428849735,4295.94156322945
10,3,15,3,p17,Node_1_1267_1817_3650,1817,1068.95718122549,-1018.27994452555,3156.19430697652
10,3,15,3,p17,Node_1_22_2130_3650,2130,3572.25159065379,1470.44424493339,5674.05893637418
10,3,16,3,p17,Node_1_1186_1758_1825,1758,2980.65706770792,1323.52934805024,4637.7847873656
10,3,16,3,p17,Node_1_364_842_1825,842,609.266942887768,-1055.3041697243,2273.83805549983
10,3,16,3,p17,Node_1_687_1536_1825,1536,1253.39094260939,-400.934303015998,2907.71618823477
10,3,16,3,p17,Node_1_1258_1157_1825,1157,600.446385429281,-1064.30702386795,2265.19979472652
10,3,16,3,p17,Node_1_78_1380_1825,1380,930.491548053151,-728.211135219057,2589.19423132536
10,3,16,3,p17,Node_1_111_86_1825,86,-33.9638358253968,-1714.75697838076,1646.82930672996
10,3,16,3,p17,Node_1_1101_608_1825,608,-34.1871410775104,-1714.98693653099,1646.61265437597
10,3,16,3,p17,Node_1_701_1163_1825,1163,1247.47335342838,-406.918314146825,2901.86502100358
10,3,16,3,p17,Node_1_1171_964_1825,964,1579.63991594732,-71.8241723627034,3231.10400425735
10,3,16,3,p17,Node_1_862_724_1825,724,921.224380090437,-737.62652231191,2580.07528249278
10,3,16,3,p17,Node_1_1293_1833_3650,1833,2533.59995297653,881.440057391446,4185.75984856162
10,3,16,3,p17,Node_1_1267_1817_3650,1817,1882.10687993517,231.885954024066,3532.32780584627
10,3,16,3,p17,Node_1_1183_1085_3650,1085,2592.21758165635,939.574419218678,4244.86074409402
10,3,16,3,p17,Node_1_510_359_3650,359,283.352927427999,-1388.69890345602,1955.40475831202
10,3,16,3,p17,Node_1_804_3239_3650,3239,3843.06195137056,2168.1036742936,5518.02022844752
10,3,16,3,p17,Node_1_791_1872_3650,1872,1887.80116386406,237.590609870972,3538.01171785716
10,3,16,3,p17,Node_1_960_743_3650,743,602.791090576474,-1061.91375019501,2267.49593134795
10,3,16,3,p17,Node_1_814_1904_3650,1904,1906.67045766766,256.490829155612,3556.85008617971
10,3,16,3,p17,Node_1_647_3456_3650,3456,3196.25828862358,1535.684577309,4856.83199993816
10,3,16,3,p17,Node_1_168_2498_3650,2498,1242.22568000371,-412.225322148051,2896.67668215547
10,3,16,3,p17,Node_1_1232_2252_3650,2252,2915.00532358653,1258.79161727463,4571.21902989843
10,3,16,3,p17,Node_1_354_2135_3650,2135,1898.2965107134,248.10381097038,3548.48921045642
10,3,16,3,p17,Node_1_570_20_3650,20,-33.7405305732832,-1714.52702093188,1647.04595978531
10,3,16,3,p17,Node_1_382_3042_3650,3042,4949.09286508912,3235.88441290193,6662.3013172763
10,3,16,3,p17,Node_1_1215_2960_3650,2960,3918.31582133284,2241.29453743246,5595.33710523322
10,3,16,3,p17,Node_1_1216_3492_3650,3492,4227.14698500592,2540.8229800679,5913.47098994393
10,3,16,3,p17,Node_1_260_3551_3650,3551,5039.8590165651,3322.77338488577,6756.94464824444
10,3,16,3,p17,Node_1_270_3212_3650,3212,4753.5816833555,3048.35208012122,6458.81128658977
10,3,16,3,p17,Node_1_250_3133_3650,3133,3985.96987921507,2307.02546902712,5664.91428940302
10,3,16,3,p17,Node_1_22_2130_3650,2130,614.291311049158,-1050.17646529441,2278.75908739273
10,3,17,3,p17,Node_1_78_1380_1825,1380,1804.90191629509,56.2973277417523,3553.50650484843
10,3,17,3,p17,Node_1_1171_964_1825,964,-207.937573186124,-1994.45005673932,1578.57491036707
10,3,17,3,p17,Node_1_364_842_1825,842,438.509922133634,-1329.04996029275,2206.06980456002
10,3,17,3,p17,Node_1_1101_608_1825,608,1433.57315682133,-317.300107141596,3184.44642078425
10,3,17,3,p17,Node_1_701_1163_1825,1163,1094.74148765283,-660.088079664216,2849.57105496987
10,3,17,3,p17,Node_1_862_724_1825,724,437.811059976532,-1329.76590661744,2205.3880265705
10,3,17,3,p17,Node_1_1186_1758_1825,1758,1094.85796467901,-659.969934640734,2849.68586399876
10,3,17,3,p17,Node_1_111_86_1825,86,-208.054050212308,-1994.57051086352,1578.4624104389
10,3,17,3,p17,Node_1_1258_1157_1825,1157,2122.53476669815,374.149163376659,3870.92037001965
10,3,17,3,p17,Node_1_687_1536_1825,1536,1755.63213421937,6.85126685354226,3504.4130015852
10,3,17,3,p17,Node_1_647_3456_3650,3456,3737.6052117619,1965.91027720222,5509.30014632157
10,3,17,3,p17,Node_1_791_1872_3650,1872,2127.65975585024,379.26466149795,3876.05485020252
10,3,17,3,p17,Node_1_804_3239_3650,3239,3450.02343411424,1685.4323669836,5214.61450124488
10,3,17,3,p17,Node_1_1267_1817_3650,1817,1105.22442000936,-649.455873803407,2859.90471382213
10,3,17,3,p17,Node_1_354_2135_3650,2135,2596.94569434453,845.930479632344,4347.96090905671
10,3,17,3,p17,Node_1_260_3551_3650,3551,3050.04132619928,1293.22208866543,4806.86056373313
10,3,17,3,p17,Node_1_270_3212_3650,3212,3090.6918083374,1333.19556043232,4848.18805624248
10,3,17,3,p17,Node_1_250_3133_3650,3133,2734.38858524134,981.951520173254,4486.82565030943
10,3,17,3,p17,Node_1_382_3042_3650,3042,2700.2608165695,948.204401091667,4452.31723204734
10,3,17,3,p17,Node_1_960_743_3650,743,114.82026636902,-1661.44531734978,1891.08585008782
10,3,17,3,p17,Node_1_168_2498_3650,2498,4547.12054373889,2748.76851810003,6345.47256937775
10,3,17,3,p17,Node_1_1183_1085_3650,1085,771.517739992949,-988.751982829435,2531.78746281533
10,3,17,3,p17,Node_1_570_20_3650,20,-208.287004264675,-1994.81141971261,1578.23741118326
10,3,17,3,p17,Node_1_1232_2252_3650,2252,1790.10933396976,41.4558333970244,3538.76283454249
10,3,17,3,p17,Node_1_1216_3492_3650,3492,4147.37138987629,2363.39684206178,5931.3459376908
10,3,17,3,p17,Node_1_1215_2960_3650,2960,3122.2570824332,1364.2174625399,4880.29670232649
10,3,17,3,p17,Node_1_510_359_3650,359,114.587312316653,-1661.68510622111,1890.85973085442
10,3,17,3,p17,Node_1_1293_1833_3650,1833,775.827389961747,-984.359158573508,2536.013938497
10,3,17,3,p17,Node_1_814_1904_3650,1904,1791.74001233633,43.0920725452422,3540.38795212742
10,3,17,3,p17,Node_1_22_2130_3650,2130,1842.05808764771,93.5611652882394,3590.55501000717
10,3,18,3,p17,Node_1_862_724_1825,724,1382.81794242086,-541.635706646259,3307.27159148799
10,3,18,3,p17,Node_1_111_86_1825,86,-315.115435013174,-2282.31945333346,1652.08858330711
10,3,18,3,p17,Node_1_364_842_1825,842,1176.62309876276,-750.421194751227,3103.66739227675
10,3,18,3,p17,Node_1_1101_608_1825,608,109.327731082736,-1842.6797642251,2061.33522639057
10,3,18,3,p17,Node_1_1186_1758_1825,1758,964.964011391191,-965.497665452489,2895.42568823487
10,3,18,3,p17,Node_1_1171_964_1825,964,-316.401139416342,-2283.65563706076,1650.85335822808
10,3,18,3,p17,Node_1_1258_1157_1825,1157,2289.72168580565,367.952558712919,4211.49081289838
10,3,18,3,p17,Node_1_701_1163_1825,1163,531.520914473102,-1408.31771799759,2471.35954694379
10,3,18,3,p17,Node_1_78_1380_1825,1380,2681.54010267117,756.532843295978,4606.54736204636
10,3,18,3,p17,Node_1_687_1536_1825,1536,2255.97194522248,334.35774633617,4177.5861441088
10,3,18,3,p17,Node_1_354_2135_3650,2135,965.124724441587,-965.334067189995,2895.58351607317
10,3,18,3,p17,Node_1_1267_1817_3650,1817,2709.50417344008,784.164665712063,4634.84368116809
10,3,18,3,p17,Node_1_22_2130_3650,2130,952.910532611489,-977.7687904069,2883.58985562988
10,3,18,3,p17,Node_1_647_3456_3650,3456,5838.90869075154,3794.75141135701,7883.06597014606
10,3,18,3,p17,Node_1_570_20_3650,20,-315.597574164362,-2282.82051910928,1651.62537078056
10,3,18,3,p17,Node_1_791_1872_3650,1872,3125.75097396579,1193.8810654164,5057.62088251518
10,3,18,3,p17,Node_1_804_3239_3650,3239,5472.64364889899,3450.33508568287,7494.9522121151
10,3,18,3,p17,Node_1_814_1904_3650,1904,2739.39680081374,813.687265519581,4665.1063361079
10,3,18,3,p17,Node_1_510_359_3650,359,116.077679199369,-1835.71197701364,2067.86733541238
10,3,18,3,p17,Node_1_1293_1833_3650,1833,3168.82207147193,1236.10753287006,5101.53661007379
10,3,18,3,p17,Node_1_1183_1085_3650,1085,527.824514313994,-1412.1077355313,2467.75676415929
10,3,18,3,p17,Node_1_1232_2252_3650,2252,964.321159189607,-966.152062907381,2894.79438128659
10,3,18,3,p17,Node_1_960_743_3650,743,107.881313629172,-1844.17295927583,2059.93558653417
10,3,18,3,p17,Node_1_168_2498_3650,2498,2660.1652669685,735.402898359742,4584.92763557725
10,3,18,3,p17,Node_1_1216_3492_3650,3492,3554.2119663216,1612.54209731242,5495.88183533079
10,3,18,3,p17,Node_1_1215_2960_3650,2960,1385.3893512272,-539.036605418394,3309.8153078728
10,3,18,3,p17,Node_1_382_3042_3650,3042,3548.42629650734,1606.90936769928,5489.9432253154
10,3,18,3,p17,Node_1_250_3133_3650,3133,5293.44859770742,3281.10840569155,7305.78878972328
10,3,18,3,p17,Node_1_260_3551_3650,3551,3978.01228021593,2023.62303902599,5932.40152140587
10,3,18,3,p17,Node_1_270_3212_3650,3212,4013.85129045424,2058.25019360378,5969.4523873047
10,3,19,3,p17,Node_1_701_1163_1825,1163,830.217914384455,-1155.29899880392,2815.73482757283
10,3,19,3,p17,Node_1_1101_608_1825,608,-199.107557042475,-2215.15515041133,1816.94003632638
10,3,19,3,p17,Node_1_1171_964_1825,964,489.106464039134,-1504.51580692827,2482.72873500654
10,3,19,3,p17,Node_1_862_724_1825,724,484.899932700795,-1508.83486401188,2478.63472941347
10,3,19,3,p17,Node_1_111_86_1825,86,-199.235027689091,-2215.28751483204,1816.81745945386
10,3,19,3,p17,Node_1_78_1380_1825,1380,822.952087527323,-1162.71639484325,2808.6205698979
10,3,19,3,p17,Node_1_1186_1758_1825,1758,3384.2197899894,1394.20889743299,5374.23068254582
10,3,19,3,p17,Node_1_687_1536_1825,1536,832.894797963398,-1152.56650612391,2818.3561020507
10,3,19,3,p17,Node_1_364_842_1825,842,486.429580460191,-1507.26426251564,2480.12342343603
10,3,19,3,p17,Node_1_1258_1157_1825,1157,1187.1357249102,-792.073488316486,3166.34493813689
10,3,19,3,p17,Node_1_354_2135_3650,2135,2233.54226298372,259.851330704795,4207.23319526264
10,3,19,3,p17,Node_1_1216_3492_3650,3492,6030.76535503781,3918.56020325058,8142.97050682505
10,3,19,3,p17,Node_1_1215_2960_3650,2960,4506.21642150641,2478.24766157418,6534.18518143864
10,3,19,3,p17,Node_1_382_3042_3650,3042,1872.67286241287,-100.725562134042,3846.07128695977
10,3,19,3,p17,Node_1_1232_2252_3650,2252,1541.12171056377,-434.047358009665,3516.29077913721
10,3,19,3,p17,Node_1_22_2130_3650,2130,1182.03689904555,-797.24667120447,3161.32046929556
10,3,19,3,p17,Node_1_814_1904_3650,1904,2248.32885799121,274.57658530012,4222.08113068231
10,3,19,3,p17,Node_1_960_743_3650,743,831.620091497234,-1153.86767752114,2817.10786051561
10,3,19,3,p17,Node_1_1267_1817_3650,1817,3016.46697450127,1034.20297433518,4998.73097466736
10,3,19,3,p17,Node_1_1293_1833_3650,1833,1531.68888271416,-443.559096318358,3506.93686174668
10,3,19,3,p17,Node_1_260_3551_3650,3551,2900.34121543378,920.032074000481,4880.65035686709
10,3,19,3,p17,Node_1_270_3212_3650,3212,2930.67922932847,949.882235107111,4911.47622354983
10,3,19,3,p17,Node_1_250_3133_3650,3133,3283.77292045573,1296.1118819737,5271.43395893776
10,3,19,3,p17,Node_1_1183_1085_3650,1085,1180.25230999292,-799.057393397155,3159.56201338299
10,3,19,3,p17,Node_1_647_3456_3650,3456,3716.91817765804,1717.8792349513,5715.95712036479
10,3,19,3,p17,Node_1_168_2498_3650,2498,2610.34549438162,633.881282982701,4586.80970578053
10,3,19,3,p17,Node_1_510_359_3650,359,-199.999851568789,-2216.08170704332,1816.08200390574
10,3,19,3,p17,Node_1_570_20_3650,20,141.494010716381,-1862.45061080058,2145.43863223334
10,3,19,3,p17,Node_1_791_1872_3650,1872,835.95409348219,-1149.44381045107,2821.35199741545
10,3,19,3,p17,Node_1_804_3239_3650,3239,2921.75628406533,941.104455431544,4902.40811269912
10,3,20,3,p17,Node_1_1258_1157_1825,1157,1922.58137329592,552.4321232975,3292.73062329433
10,3,20,3,p17,Node_1_1186_1758_1825,1758,2457.36820299532,1086.01510560126,3828.72130038939
10,3,20,3,p17,Node_1_862_724_1825,724,809.556283984033,-569.375986289031,2188.4885542571
10,3,20,3,p17,Node_1_1101_608_1825,608,1348.9635146018,-23.8148502683648,2721.74187947196
10,3,20,3,p17,Node_1_364_842_1825,842,811.030880021807,-567.879740691689,2189.9415007353
10,3,20,3,p17,Node_1_701_1163_1825,1163,541.08149870663,-842.229835501472,1924.39283291473
10,3,20,3,p17,Node_1_687_1536_1825,1536,1631.39780903679,260.420417085177,3002.37520098841
10,3,20,3,p17,Node_1_1171_964_1825,964,272.115181416636,-1116.44985175428,1660.68021458755
10,3,20,3,p17,Node_1_111_86_1825,86,818.600473015715,-560.199427755197,2197.40037378663
10,3,20,3,p17,Node_1_78_1380_1825,1380,1087.46848390319,-287.849924767922,2462.7868925743
10,3,20,3,p17,Node_1_804_3239_3650,3239,3901.98078800134,2509.90378212979,5294.05779387289
10,3,20,3,p17,Node_1_791_1872_3650,1872,3631.44156827105,2245.15799673928,5017.72513980283
10,3,20,3,p17,Node_1_814_1904_3650,1904,2479.78206276949,1108.30153722652,3851.26258831245
10,3,20,3,p17,Node_1_260_3551_3650,3551,3020.86050223006,1644.43323878696,4397.28776567317
10,3,20,3,p17,Node_1_270_3212_3650,3212,3849.68178186162,2458.79222733093,5240.57133639231
10,3,20,3,p17,Node_1_250_3133_3650,3133,3913.48263709598,2521.14016085666,5305.8251133353
10,3,20,3,p17,Node_1_1232_2252_3650,2252,2493.93818473212,1122.3739930362,3865.50237642804
10,3,20,3,p17,Node_1_1293_1833_3650,1833,3045.73202206718,1668.99135268458,4422.47269144979
10,3,20,3,p17,Node_1_1267_1817_3650,1817,1914.4219418869,544.263729598149,3284.58015417565
10,3,20,3,p17,Node_1_1183_1085_3650,1085,1361.3501213191,-11.3287052352243,2734.02894787342
10,3,20,3,p17,Node_1_382_3042_3650,3042,2447.34094993846,1076.04285802313,3818.63904185379
10,3,20,3,p17,Node_1_354_2135_3650,2135,2468.18190727233,1096.76810327509,3839.59571126957
10,3,20,3,p17,Node_1_647_3456_3650,3456,2183.87979118949,813.583072863307,3554.17650951567
10,3,20,3,p17,Node_1_168_2498_3650,2498,1365.28237741983,-7.3652434254484,2737.92999826511
10,3,20,3,p17,Node_1_1216_3492_3650,3492,3917.21828039167,2524.78924825717,5309.64731252617
10,3,20,3,p17,Node_1_1215_2960_3650,2960,3362.67186378609,1981.28043087559,4744.0632966966
10,3,20,3,p17,Node_1_570_20_3650,20,272.115181416636,-1116.44985175428,1660.68021458755
10,3,20,3,p17,Node_1_960_743_3650,743,271.623649404045,-1116.95177310176,1660.19907190985
10,3,20,3,p17,Node_1_510_359_3650,359,271.32873019649,-1117.25292728522,1659.9103876782
10,3,20,3,p17,Node_1_22_2130_3650,2130,1375.8994688918,3.33515545167643,2748.46378233193
10,3,21,3,p17,Node_1_701_1163_1825,1163,1457.83710816548,-213.320780593594,3128.99499692456
10,3,21,3,p17,Node_1_1186_1758_1825,1758,1964.2877619724,295.385356363837,3633.19016758095
10,3,21,3,p17,Node_1_687_1536_1825,1536,1262.74712697452,-410.30532325196,2935.799577201
10,3,21,3,p17,Node_1_862_724_1825,724,907.693152423079,-770.262785718174,2585.64909056433
10,3,21,3,p17,Node_1_1101_608_1825,608,553.373519080641,-1131.33414608382,2238.0811842451
10,3,21,3,p17,Node_1_1258_1157_1825,1157,910.263346654579,-767.650373935279,2588.17706724444
10,3,21,3,p17,Node_1_364_842_1825,842,202.603201581703,-1490.59541248968,1895.80181565308
10,3,21,3,p17,Node_1_111_86_1825,86,-146.331262894736,-1849.73336278007,1557.0708369906
10,3,21,3,p17,Node_1_1171_964_1825,964,202.236030977203,-1490.97240393817,1895.44446589258
10,3,21,3,p17,Node_1_78_1380_1825,1380,-284.020239582212,-1991.92405592009,1423.88357675567
10,3,21,3,p17,Node_1_1183_1085_3650,1085,901.328861945081,-776.7320354082,2579.38975929836
10,3,21,3,p17,Node_1_1215_2960_3650,2960,4174.28763045751,2470.47331629831,5878.10194461672
10,3,21,3,p17,Node_1_1216_3492_3650,3492,4184.44601718201,2480.30684933902,5888.585185025
10,3,21,3,p17,Node_1_647_3456_3650,3456,6084.92106607368,4295.42061014737,7874.42152199998
10,3,21,3,p17,Node_1_570_20_3650,20,-146.208872693236,-1849.60708997698,1557.1893445905
10,3,21,3,p17,Node_1_804_3239_3650,3239,1622.94148998895,-47.058141631843,3292.94112160975
10,3,21,3,p17,Node_1_814_1904_3650,1904,900.716910937581,-777.354110216399,2578.78793209156
10,3,21,3,p17,Node_1_791_1872_3650,1872,202.970372186203,-1490.21842298189,1896.1591673543
10,3,21,3,p17,Node_1_960_743_3650,743,553.985470088141,-1130.70894561795,2238.67988579423
10,3,21,3,p17,Node_1_168_2498_3650,2498,4242.948533499,2536.91018873263,5948.98687826536
10,3,21,3,p17,Node_1_1293_1833_3650,1833,1261.15605435502,-411.91418470658,2934.22629341662
10,3,21,3,p17,Node_1_1267_1817_3650,1817,1263.11429757902,-409.934052896054,2936.16264805409
10,3,21,3,p17,Node_1_22_2130_3650,2130,2733.75495880276,1060.90654993303,4406.60336767249
10,3,21,3,p17,Node_1_1232_2252_3650,2252,2705.48282225627,1032.93639971025,4378.02924480228
10,3,21,3,p17,Node_1_250_3133_3650,3133,2990.28482114672,1314.15189993517,4666.41774235826
10,3,21,3,p17,Node_1_270_3212_3650,3212,2984.41009147472,1308.36333758378,4660.45684536565
10,3,21,3,p17,Node_1_260_3551_3650,3551,4266.56984238849,2559.75101627047,5973.38866850652
10,3,21,3,p17,Node_1_354_2135_3650,2135,3117.08106990069,1438.96368985476,4795.19844994663
10,3,21,3,p17,Node_1_510_359_3650,359,-146.331262894736,-1849.73336278007,1557.0708369906
10,3,21,3,p17,Node_1_382_3042_3650,3042,4620.27752472343,2900.84007903064,6339.71497041622
10,3,22,3,p17,Node_1_701_1163_1825,1163,2144.2974158924,430.138069528263,3858.45676225654
10,3,22,3,p17,Node_1_1186_1758_1825,1758,1878.44384913118,164.300389821286,3592.58730844107
10,3,22,3,p17,Node_1_111_86_1825,86,201.433455936797,-1537.58115681187,1940.44806868546
10,3,22,3,p17,Node_1_862_724_1825,724,470.334054981819,-1261.82646547771,2202.49457544134
10,3,22,3,p17,Node_1_78_1380_1825,1380,2735.13601967228,1017.03855490187,4453.23348444268
10,3,22,3,p17,Node_1_1258_1157_1825,1157,200.957357142454,-1538.07034294448,1939.98505722939
10,3,22,3,p17,Node_1_1101_608_1825,608,1589.54710072374,-125.815835755035,3304.91003720252
10,3,22,3,p17,Node_1_1171_964_1825,964,1570.12226991454,-145.36882793778,3285.61336776686
10,3,22,3,p17,Node_1_364_842_1825,842,1551.26875765855,-164.352289211407,3266.88980452851
10,3,22,3,p17,Node_1_687_1536_1825,1536,1852.63929447778,138.439280123763,3566.83930883179
10,3,22,3,p17,Node_1_354_2135_3650,2135,1564.7899634179,-150.737332567121,3280.31725940292
10,3,22,3,p17,Node_1_1232_2252_3650,2252,2652.77092825091,935.544597021284,4369.99725948053
10,3,22,3,p17,Node_1_647_3456_3650,3456,3509.36787903314,1778.02702888663,5240.70872917965
10,3,22,3,p17,Node_1_791_1872_3650,1872,1844.54561497394,130.325744488545,3558.76548545934
10,3,22,3,p17,Node_1_804_3239_3650,3239,3044.12413720099,1321.83328425726,4766.41499014472
10,3,22,3,p17,Node_1_1183_1085_3650,1085,1022.32299714329,-699.168514865818,2743.8145091524
10,3,22,3,p17,Node_1_510_359_3650,359,600.975564149585,-1128.24465342304,2330.19578172221
10,3,22,3,p17,Node_1_570_20_3650,20,200.862137383585,-1538.16818057313,1939.8924553403
10,3,22,3,p17,Node_1_382_3042_3650,3042,4169.71690678712,2419.98131794183,5919.4524956324
10,3,22,3,p17,Node_1_1216_3492_3650,3492,4752.46183106316,2981.23226546579,6523.69139666052
10,3,22,3,p17,Node_1_1215_2960_3650,2960,4200.18722962508,2449.44841917855,5950.92604007161
10,3,22,3,p17,Node_1_270_3212_3650,3212,2155.81900671551,441.634302152268,3870.00371127875
10,3,22,3,p17,Node_1_260_3551_3650,3551,1843.49819762639,129.27568363321,3557.72071161957
10,3,22,3,p17,Node_1_250_3133_3650,3133,2114.01753257218,399.915060647883,3828.12000449647
10,3,22,3,p17,Node_1_22_2130_3650,2130,1012.61058173869,-709.028746325317,2734.2499098027
10,3,22,3,p17,Node_1_168_2498_3650,2498,2391.20225063877,676.051133353458,4106.35336792409
10,3,22,3,p17,Node_1_960_743_3650,743,1009.08745066055,-712.605852203751,2730.78075352485
10,3,22,3,p17,Node_1_1267_1817_3650,1817,2136.1085166297,421.965947687197,3850.2510855722
10,3,22,3,p17,Node_1_1293_1833_3650,1833,2419.00642022841,703.684731949106,4134.32810850772
10,3,22,3,p17,Node_1_814_1904_3650,1904,1294.46106798985,-423.474423631287,3012.39655961098
10,3,23,3,p17,Node_1_364_842_1825,842,414.626538686879,-1244.04191570598,2073.29499307973
10,3,23,3,p17,Node_1_701_1163_1825,1163,1745.24223857386,104.702252707242,3385.78222444048
10,3,23,3,p17,Node_1_111_86_1825,86,-239.054572131385,-1915.95385044065,1437.84470617788
10,3,23,3,p17,Node_1_1186_1758_1825,1758,1071.13743786366,-575.358459086698,2717.63333481402
10,3,23,3,p17,Node_1_1101_608_1825,608,84.5255749516251,-1582.59810816612,1751.64925806937
10,3,23,3,p17,Node_1_1171_964_1825,964,732.42407477639,-919.574005956623,2384.4221555094
10,3,23,3,p17,Node_1_1258_1157_1825,1157,2086.29325291382,446.2153919343,3726.37111389334
10,3,23,3,p17,Node_1_78_1380_1825,1380,1070.39923220492,-576.106840676822,2716.90530508666
10,3,23,3,p17,Node_1_687_1536_1825,1536,1403.57605285161,-239.147913747011,3046.30001945023
10,3,23,3,p17,Node_1_862_724_1825,724,-239.669743513672,-1916.58899313432,1437.24950610698
10,3,23,3,p17,Node_1_1232_2252_3650,2252,1754.10070647879,113.594453290307,3394.60695966728
10,3,23,3,p17,Node_1_22_2130_3650,2130,1418.09409747358,-224.502097468485,3060.69029241565
10,3,23,3,p17,Node_1_570_20_3650,20,-238.80850357847,-1915.69979482763,1438.08278767069
10,3,23,3,p17,Node_1_354_2135_3650,2135,1739.82873040973,99.2675599327081,3380.38990088676
10,3,23,3,p17,Node_1_1183_1085_3650,1085,84.77164350454,-1582.34516293814,1751.88844994722
10,3,23,3,p17,Node_1_250_3133_3650,3133,3062.20113377406,1413.972486619,4710.42978092913
10,3,23,3,p17,Node_1_270_3212_3650,3212,3418.50839839475,1763.83487659839,5073.18192019111
10,3,23,3,p17,Node_1_260_3551_3650,3551,4081.04797711795,2409.55704202358,5752.53891221232
10,3,23,3,p17,Node_1_804_3239_3650,3239,4062.1006985435,2391.17676651791,5733.0246305691
10,3,23,3,p17,Node_1_791_1872_3650,1872,1744.62706719157,104.084695766902,3385.16943861624
10,3,23,3,p17,Node_1_1267_1817_3650,1817,2032.8963769313,392.859611513098,3672.93314234951
10,3,23,3,p17,Node_1_1293_1833_3650,1833,2353.40066710288,712.485083551592,3994.31625065416
10,3,23,3,p17,Node_1_1216_3492_3650,3492,5650.47320760878,3915.17491268052,7385.77150253703
10,3,23,3,p17,Node_1_1215_2960_3650,2960,4647.37475165144,2956.64753209629,6338.1019712066
10,3,23,3,p17,Node_1_647_3456_3650,3456,3794.62418152508,2131.16714880814,5458.08121424201
10,3,23,3,p17,Node_1_510_359_3650,359,84.4025406751678,-1582.72458109948,1751.52966244982
10,3,23,3,p17,Node_1_814_1904_3650,1904,2058.48750643445,418.436301611478,3698.53871125741
10,3,23,3,p17,Node_1_382_3042_3650,3042,1727.52530276399,86.9143768440126,3368.13622868397
10,3,23,3,p17,Node_1_960_743_3650,743,84.0334378457956,-1583.10400117701,1751.1708768686
10,3,23,3,p17,Node_1_168_2498_3650,2498,772.164146072136,-879.102165903788,2423.43045804806
10,3,24,3,p17,Node_1_701_1163_1825,1163,512.443855071616,-1035.68716745357,2060.5748775968
10,3,24,3,p17,Node_1_111_86_1825,86,-70.8302911616962,-1633.14297297899,1491.4823906556
10,3,24,3,p17,Node_1_862_724_1825,724,514.637793289581,-1033.44842094494,2062.7240075241
10,3,24,3,p17,Node_1_1101_608_1825,608,218.665080361232,-1336.04624874555,1773.37640946801
10,3,24,3,p17,Node_1_1258_1157_1825,1157,1714.826471765,181.458605065655,3248.19433846436
10,3,24,3,p17,Node_1_78_1380_1825,1380,1700.30469022705,166.876707812844,3233.73267264125
10,3,24,3,p17,Node_1_364_842_1825,842,807.894201757592,-734.785357576483,2350.57376109167
10,3,24,3,p17,Node_1_1171_964_1825,964,1096.6582605412,-441.835307906819,2635.15182898922
10,3,24,3,p17,Node_1_687_1536_1825,1536,513.488587556361,-1034.62108964262,2061.59826475534
10,3,24,3,p17,Node_1_1186_1758_1825,1758,1792.9805109711,259.886223907465,3326.07479803474
10,3,24,3,p17,Node_1_1232_2252_3650,2252,1401.51119958988,-133.798552154776,2936.82095133454
10,3,24,3,p17,Node_1_354_2135_3650,2135,1704.06572717213,170.653593360908,3237.47786098335
10,3,24,3,p17,Node_1_1293_1833_3650,1833,2024.27623374657,491.497673756043,3557.05479373709
10,3,24,3,p17,Node_1_1267_1817_3650,1817,2388.26103143184,854.483836155819,3922.03822670786
10,3,24,3,p17,Node_1_270_3212_3650,3212,4510.32165444653,2934.89232041232,6085.75098848075
10,3,24,3,p17,Node_1_260_3551_3650,3551,3687.59482270959,2135.45306793002,5239.73657748917
10,3,24,3,p17,Node_1_250_3133_3650,3133,3692.29611889095,2140.0465169244,5244.5457208575
10,3,24,3,p17,Node_1_570_20_3650,20,-71.1437109071199,-1633.46521744907,1491.17779563483
10,3,24,3,p17,Node_1_814_1904_3650,1904,1421.77900979394,-113.364258311365,2956.92227789925
10,3,24,3,p17,Node_1_960_743_3650,743,804.864477551831,-737.865005125736,2347.5939602294
10,3,24,3,p17,Node_1_804_3239_3650,3239,4150.41131345177,2586.25324471881,5714.56938218473
10,3,24,3,p17,Node_1_791_1872_3650,1872,2343.33753458779,809.782458126309,3876.89261104927
10,3,24,3,p17,Node_1_1215_2960_3650,2960,3836.67814828275,2280.97365964975,5392.38263691575
10,3,24,3,p17,Node_1_1216_3492_3650,3492,3257.47845873994,1713.95272644859,4801.0041910313
10,3,24,3,p17,Node_1_382_3042_3650,3042,1997.74002863404,464.962754025139,3530.51730324294
10,3,24,3,p17,Node_1_168_2498_3650,2498,3622.82140865538,2072.13560268672,5173.50721462404
10,3,24,3,p17,Node_1_510_359_3650,359,219.08297335513,-1335.61818078575,1773.78412749601
10,3,24,3,p17,Node_1_22_2130_3650,2130,1703.02099468738,169.604478053504,3236.43751132126
10,3,24,3,p17,Node_1_647_3456_3650,3456,2316.38343648136,782.948277057129,3849.81859590559
10,3,24,3,p17,Node_1_1183_1085_3650,1085,615.984893657026,-930.101847805656,2162.07163511971
10,3,25,3,p17,Node_1_78_1380_1825,1380,1161.98125929493,-713.392811562525,3037.35533015239
10,3,25,3,p17,Node_1_111_86_1825,86,13.4658748696493,-1889.08263569415,1916.01438543345
10,3,25,3,p17,Node_1_1258_1157_1825,1157,1161.76425119207,-713.61289996904,3037.14140235317
10,3,25,3,p17,Node_1_1101_608_1825,608,299.591058500209,-1594.17429628822,2193.35641328864
10,3,25,3,p17,Node_1_1171_964_1825,964,1465.35858710345,-406.478892210217,3337.19606641711
10,3,25,3,p17,Node_1_862_724_1825,724,299.591058500209,-1594.17429628822,2193.35641328864
10,3,25,3,p17,Node_1_701_1163_1825,1163,1767.97638655192,-101.87099312675,3637.82376623059
10,3,25,3,p17,Node_1_687_1536_1825,1536,586.04175428507,-1300.25852952238,2472.34203809252
10,3,25,3,p17,Node_1_1186_1758_1825,1758,2362.79559651124,492.368638851822,4233.22255417066
10,3,25,3,p17,Node_1_364_842_1825,842,1026.20388887222,-851.250788993801,2903.65856673825
10,3,25,3,p17,Node_1_168_2498_3650,2498,1775.13765394654,-94.681279747557,3644.95658764064
10,3,25,3,p17,Node_1_960_743_3650,743,587.886323159442,-1298.37023178463,2474.14287810351
10,3,25,3,p17,Node_1_1216_3492_3650,3492,1167.62346996948,-707.670788687527,3042.9177286265
10,3,25,3,p17,Node_1_1215_2960_3650,2960,589.622387982381,-1296.59306133012,2475.83783729488
10,3,25,3,p17,Node_1_1267_1817_3650,1817,2359.86598712253,489.456475367664,4230.2754988774
10,3,25,3,p17,Node_1_1293_1833_3650,1833,1452.33810093141,-419.619513145449,3324.29571500826
10,3,25,3,p17,Node_1_510_359_3650,359,1171.96363202683,-703.269593966466,3047.19685802013
10,3,25,3,p17,Node_1_814_1904_3650,1904,2385.03892705514,514.474803564329,4255.60305054596
10,3,25,3,p17,Node_1_804_3239_3650,3239,5038.28849676242,3093.11931474903,6983.4576787758
10,3,25,3,p17,Node_1_791_1872_3650,1872,4186.74870111106,2277.8162900928,6095.68111212932
10,3,25,3,p17,Node_1_354_2135_3650,2135,2052.36550535954,182.984173328892,3921.74683739019
10,3,25,3,p17,Node_1_382_3042_3650,3042,2948.60897020157,1071.80208252272,4825.41585788042
10,3,25,3,p17,Node_1_570_20_3650,20,12.7063465096136,-1889.86722789143,1915.27992091065
10,3,25,3,p17,Node_1_22_2130_3650,2130,1479.35560973839,-392.355896194129,3351.0671156709
10,3,25,3,p17,Node_1_1232_2252_3650,2252,1471.21780588086,-400.566540473302,3343.00215223503
10,3,25,3,p17,Node_1_1183_1085_3650,1085,1757.01747735712,-112.875103974715,3626.91005868896
10,3,25,3,p17,Node_1_647_3456_3650,3456,5338.80591715445,3378.22709774173,7299.38473656717
10,3,25,3,p17,Node_1_250_3133_3650,3133,2168.53454236579,298.951827512306,4038.11725721928
10,3,25,3,p17,Node_1_270_3212_3650,3212,1590.09944417295,-280.731293004154,3460.93018135006
10,3,25,3,p17,Node_1_260_3551_3650,3551,3646.46822694367,1754.62156886139,5538.31488502594
10,3,26,3,p17,Node_1_1186_1758_1825,1758,1567.96600083149,178.559438501207,2957.37256316177
10,3,26,3,p17,Node_1_1171_964_1825,964,933.153591653097,-462.243771055988,2328.55095436218
10,3,26,3,p17,Node_1_862_724_1825,724,1252.24164896166,-139.519506262186,2644.0028041855
10,3,26,3,p17,Node_1_701_1163_1825,1163,1409.87184521114,19.4413166700333,2800.30237375226
10,3,26,3,p17,Node_1_78_1380_1825,1380,1567.73402114606,178.326184520799,2957.14185777132
10,3,26,3,p17,Node_1_1101_608_1825,608,1259.66499889541,-132.026566697453,2651.35656448827
10,3,26,3,p17,Node_1_1258_1157_1825,1157,939.881002530558,-455.426722839379,2335.18872790049
10,3,26,3,p17,Node_1_364_842_1825,842,940.344961901418,-454.956602126432,2335.64652592927
10,3,26,3,p17,Node_1_687_1536_1825,1536,1893.31750964665,505.036846321378,3281.59817297193
10,3,26,3,p17,Node_1_111_86_1825,86,305.300573037595,-1100.89867903395,1711.49982510915
10,3,26,3,p17,Node_1_1267_1817_3650,1817,2861.60071663025,1468.84784119011,4254.35359207039
10,3,26,3,p17,Node_1_960_743_3650,743,1249.57388257922,-142.212448459177,2641.36021361761
10,3,26,3,p17,Node_1_1216_3492_3650,3492,4146.18822469725,2729.67844031604,5562.69800907847
10,3,26,3,p17,Node_1_1215_2960_3650,2960,3517.75525686818,2115.36724664884,4920.14326708751
10,3,26,3,p17,Node_1_168_2498_3650,2498,2887.69843124109,1494.66350914723,4280.73335333495
10,3,26,3,p17,Node_1_791_1872_3650,1872,1891.3456823205,503.062179330901,3279.6291853101
10,3,26,3,p17,Node_1_804_3239_3650,3239,3825.82427911883,2417.10381757857,5234.54474065908
10,3,26,3,p17,Node_1_814_1904_3650,1904,1249.22591305107,-142.5637083001,2641.01553440224
10,3,26,3,p17,Node_1_647_3456_3650,3456,3225.46085322674,1828.01720026744,4622.90450618605
10,3,26,3,p17,Node_1_270_3212_3650,3212,5076.19478358495,3630.3139722653,6522.07559490459
10,3,26,3,p17,Node_1_260_3551_3650,3551,4137.14101696549,2720.86787994946,5553.41415398152
10,3,26,3,p17,Node_1_250_3133_3650,3133,3478.66667987327,2077.00015803661,4880.33320170993
10,3,26,3,p17,Node_1_1183_1085_3650,1085,304.952603509451,-1101.25396147743,1711.15916849633
10,3,26,3,p17,Node_1_570_20_3650,20,305.300573037595,-1100.89867903395,1711.49982510915
10,3,26,3,p17,Node_1_22_2130_3650,2130,2220.40886610254,831.926316913627,3608.89141529145
10,3,26,3,p17,Node_1_354_2135_3650,2135,2211.70962789893,823.249762535095,3600.16949326276
10,3,26,3,p17,Node_1_510_359_3650,359,934.545469765675,-460.833301563997,2329.92424109535
10,3,26,3,p17,Node_1_382_3042_3650,3042,3835.33544622144,2426.40132417912,5244.26956826376
10,3,26,3,p17,Node_1_1232_2252_3650,2252,2878.65122350933,1485.71503236394,4271.58741465473
10,3,26,3,p17,Node_1_1293_1833_3650,1833,2554.11164359317,1164.04557342462,3944.17771376172
10,3,27,3,p17,Node_1_78_1380_1825,1380,1731.18982213285,-33.5981983255617,3495.97784259127
10,3,27,3,p17,Node_1_1101_608_1825,608,262.968574780388,-1525.23235483582,2051.1695043966
10,3,27,3,p17,Node_1_1171_964_1825,964,842.312748077331,-932.623998696373,2617.24949485103
10,3,27,3,p17,Node_1_1186_1758_1825,1758,2013.36128217591,249.179545315589,3777.54301903623
10,3,27,3,p17,Node_1_687_1536_1825,1536,2039.66629660898,275.476611190038,3803.85598202792
10,3,27,3,p17,Node_1_364_842_1825,842,1700.65910256998,-64.2703355448878,3465.58854068484
10,3,27,3,p17,Node_1_862_724_1825,724,1134.3089725472,-635.920702134699,2904.5386472291
10,3,27,3,p17,Node_1_111_86_1825,86,-23.9568035337072,-1820.63100265879,1772.71739559138
10,3,27,3,p17,Node_1_1258_1157_1825,1157,262.229076382671,-1525.99208411276,2050.4502368781
10,3,27,3,p17,Node_1_701_1163_1825,1163,1368.53522467526,-398.887449985717,3135.95789933624
10,3,27,3,p17,Node_1_647_3456_3650,3456,2444.70013330126,679.000480040521,4210.399786562
10,3,27,3,p17,Node_1_354_2135_3650,2135,1718.82963462816,-46.0138553800614,3483.67312463638
10,3,27,3,p17,Node_1_22_2130_3650,2130,2340.32521659496,575.263765522677,4105.38666766723
10,3,27,3,p17,Node_1_510_359_3650,359,262.440361639162,-1525.77501775353,2050.65574103185
10,3,27,3,p17,Node_1_1216_3492_3650,3492,3217.89852942824,1442.11372312672,4993.68333572975
10,3,27,3,p17,Node_1_1215_2960_3650,2960,2637.92050036182,870.58385260254,4405.2571481211
10,3,27,3,p17,Node_1_260_3551_3650,3551,3858.62106973567,2067.41816225981,5649.82397721153
10,3,27,3,p17,Node_1_270_3212_3650,3212,2305.78007715876,540.891785341595,4070.66836897592
10,3,27,3,p17,Node_1_250_3133_3650,3133,2011.98792800872,247.806304086874,3776.16955193057
10,3,27,3,p17,Node_1_1267_1817_3650,1817,1757.28355130943,-7.39533194248429,3521.96243456134
10,3,27,3,p17,Node_1_570_20_3650,20,-23.851160905462,-1820.52201120882,1772.8196893979
10,3,27,3,p17,Node_1_382_3042_3650,3042,4247.38594167818,2443.77889127256,6050.99299208381
10,3,27,3,p17,Node_1_1183_1085_3650,1085,845.059456411708,-929.82679577327,2619.94570859669
10,3,27,3,p17,Node_1_1232_2252_3650,2252,1737.63402245581,-27.1260398723487,3502.39408478397
10,3,27,3,p17,Node_1_1293_1833_3650,1833,842.524033333821,-932.408825060846,2617.45689172849
10,3,27,3,p17,Node_1_791_1872_3650,1872,1428.84062009495,-337.999554422117,3195.68079461202
10,3,27,3,p17,Node_1_804_3239_3650,3239,2298.27945055335,533.426253254765,4063.13264785193
10,3,27,3,p17,Node_1_814_1904_3650,1904,1735.41552726266,-29.3540855783644,3500.18514010369
10,3,27,3,p17,Node_1_960_743_3650,743,1139.69674658771,-630.458646421345,2909.85213959676
10,3,27,3,p17,Node_1_168_2498_3650,2498,552.323733544124,-1228.60434412083,2333.25181120908
10,3,28,3,p17,Node_1_111_86_1825,86,728.776754471851,-953.960906982163,2411.51441592587
10,3,28,3,p17,Node_1_1101_608_1825,608,1437.99589594713,-234.922481177797,3110.91427307207
10,3,28,3,p17,Node_1_1186_1758_1825,1758,724.542227301834,-958.276454581762,2407.36090918543
10,3,28,3,p17,Node_1_687_1536_1825,1536,1073.82655932567,-603.199506118519,2750.85262476985
10,3,28,3,p17,Node_1_364_842_1825,842,373.974705226482,-1316.46306854307,2064.41247899604
10,3,28,3,p17,Node_1_1258_1157_1825,1157,728.520116461548,-954.222447807446,2411.26268073054
10,3,28,3,p17,Node_1_862_724_1825,724,374.231343236786,-1316.20019697811,2064.66288345168
10,3,28,3,p17,Node_1_701_1163_1825,1163,1431.96490270499,-241.00535671131,3104.93516212129
10,3,28,3,p17,Node_1_1171_964_1825,964,726.082055363659,-956.707134005266,2408.87124473258
10,3,28,3,p17,Node_1_78_1380_1825,1380,2143.2371482627,472.618673987599,3813.85562253781
10,3,28,3,p17,Node_1_382_3042_3650,3042,3622.11368263988,1932.13269623795,5312.09466904181
10,3,28,3,p17,Node_1_960_743_3650,743,374.359662241938,-1316.06876155429,2064.78808603817
10,3,28,3,p17,Node_1_354_2135_3650,2135,1271.18118924949,-403.372960867197,2945.73533936618
10,3,28,3,p17,Node_1_1232_2252_3650,2252,1438.76580997805,-234.145983099208,3111.6776030553
10,3,28,3,p17,Node_1_22_2130_3650,2130,2159.53366191701,488.879905818964,3830.18741801506
10,3,28,3,p17,Node_1_1183_1085_3650,1085,375.514533288306,-1314.88585349996,2065.91492007657
10,3,28,3,p17,Node_1_570_20_3650,20,25.3319682284104,-1674.45265943144,1725.11659588826
10,3,28,3,p17,Node_1_510_359_3650,359,374.872938262546,-1315.54302225011,2065.2888987752
10,3,28,3,p17,Node_1_804_3239_3650,3239,1429.7834796174,-243.205679926724,3102.77263916153
10,3,28,3,p17,Node_1_791_1872_3650,1872,373.84638622133,-1316.59450468421,2064.28727712687
10,3,28,3,p17,Node_1_168_2498_3650,2498,1804.60329366649,133.813727225732,3475.39286010725
10,3,28,3,p17,Node_1_1215_2960_3650,2960,3245.88235953412,1563.90331023517,4927.86140883307
10,3,28,3,p17,Node_1_1216_3492_3650,3492,3607.10035903709,1917.4783006691,5296.72241740508
10,3,28,3,p17,Node_1_1293_1833_3650,1833,2876.06698668596,1199.92055584923,4552.21341752269
10,3,28,3,p17,Node_1_1267_1817_3650,1817,2869.39439841805,1193.33455343405,4545.45424340206
10,3,28,3,p17,Node_1_260_3551_3650,3551,3579.5117729294,1890.54073565029,5268.48281020851
10,3,28,3,p17,Node_1_250_3133_3650,3133,4668.5551696547,2945.61967888443,6391.49066042497
10,3,28,3,p17,Node_1_270_3212_3650,3212,2857.84568795437,1181.93413550311,4533.75724040564
10,3,28,3,p17,Node_1_814_1904_3650,1904,1447.61982133354,-225.216893554436,3120.45653622151
10,3,28,3,p17,Node_1_647_3456_3650,3456,2870.93422647988,1194.85445901619,4547.01399394357
10,3,29,3,p17,Node_1_687_1536_1825,1536,908.959761408982,-852.820340487694,2670.73986330566
10,3,29,3,p17,Node_1_862_724_1825,724,334.668517896988,-1439.56131867316,2108.89835446713
10,3,29,3,p17,Node_1_1186_1758_1825,1758,2467.33276497752,713.383434854858,4221.28209510018
10,3,29,3,p17,Node_1_1258_1157_1825,1157,2988.49528385345,1228.63505245306,4748.35551525384
10,3,29,3,p17,Node_1_1171_964_1825,964,1186.92006338507,-570.667598167039,2944.50772493718
10,3,29,3,p17,Node_1_111_86_1825,86,49.2973329166549,-1732.99114818831,1831.58581402161
10,3,29,3,p17,Node_1_701_1163_1825,1163,2396.35529395095,642.881000335891,4149.82958756601
10,3,29,3,p17,Node_1_78_1380_1825,1380,1508.51063431572,-245.734705508406,3262.75597413985
10,3,29,3,p17,Node_1_364_842_1825,842,909.064140042845,-852.714161731319,2670.84244181701
10,3,29,3,p17,Node_1_1101_608_1825,608,912.195499058723,-849.52887772459,2673.91987584204
10,3,29,3,p17,Node_1_1183_1085_3650,1085,1891.89335649303,139.506585564352,3644.28012742171
10,3,29,3,p17,Node_1_1232_2252_3650,2252,1494.31514011041,-260.043470532592,3248.67375075342
10,3,29,3,p17,Node_1_960_743_3650,743,909.481654578295,-852.28944839791,2671.2527575545
10,3,29,3,p17,Node_1_382_3042_3650,3042,2057.54224843297,305.241191916429,3809.84330494951
10,3,29,3,p17,Node_1_791_1872_3650,1872,1775.6155583701,22.9099365807424,3528.32118015946
10,3,29,3,p17,Node_1_804_3239_3650,3239,4191.0415245844,2401.52570654674,5980.55734262206
10,3,29,3,p17,Node_1_168_2498_3650,2498,3593.16070981946,1821.14634153022,5365.1750781087
10,3,29,3,p17,Node_1_22_2130_3650,2130,1195.16597546022,-562.315732740333,2952.64768366076
10,3,29,3,p17,Node_1_354_2135_3650,2135,3909.2192131554,2128.62329420804,5689.81513210275
10,3,29,3,p17,Node_1_270_3212_3650,3212,3857.55178939341,2078.46208931228,5636.64148947455
10,3,29,3,p17,Node_1_260_3551_3650,3551,5540.44850316002,3692.27919027053,7388.61781604951
10,3,29,3,p17,Node_1_250_3133_3650,3133,2956.97293642695,1197.59098109464,4716.35489175926
10,3,29,3,p17,Node_1_1293_1833_3650,1833,2106.2870704468,353.928758357047,3858.64538253656
10,3,29,3,p17,Node_1_1267_1817_3650,1817,1201.42869349197,-555.973254587937,2958.83064157188
10,3,29,3,p17,Node_1_647_3456_3650,3456,4575.05051856489,2771.48991913231,6378.61111799746
10,3,29,3,p17,Node_1_814_1904_3650,1904,1858.07467912155,105.617173455584,3610.53218478752
10,3,29,3,p17,Node_1_570_20_3650,20,49.2973329166549,-1732.99114818831,1831.58581402161
10,3,29,3,p17,Node_1_1216_3492_3650,3492,4610.74801134589,2805.7725603464,6415.72346234539
10,3,29,3,p17,Node_1_1215_2960_3650,2960,4610.74801134589,2805.7725603464,6415.72346234539
10,3,29,3,p17,Node_1_510_359_3650,359,334.459760629263,-1439.77552042766,2108.69504168618
10,3,30,3,p17,Node_1_78_1380_1825,1380,830.309493209845,-377.439540647188,2038.05852706688
10,3,30,3,p17,Node_1_701_1163_1825,1163,320.493022192876,-895.076085039186,1536.06212942494
10,3,30,3,p17,Node_1_111_86_1825,86,321.049489143231,-894.509597085701,1536.60857537216
10,3,30,3,p17,Node_1_1101_608_1825,608,823.446400822132,-384.389697878496,2031.28249952276
10,3,30,3,p17,Node_1_1258_1157_1825,1157,573.036273162352,-638.317388226876,1784.38993455158
10,3,30,3,p17,Node_1_862_724_1825,724,570.903149852657,-640.483317736299,1782.28961744161
10,3,30,3,p17,Node_1_1171_964_1825,964,572.016083753367,-639.353261586294,1783.38542909303
10,3,30,3,p17,Node_1_1186_1758_1825,1758,2103.96959808087,903.638800453706,3304.30039570804
10,3,30,3,p17,Node_1_364_842_1825,842,818.901920727566,-388.992104063261,2026.79594551839
10,3,30,3,p17,Node_1_687_1536_1825,1536,1607.04461141379,405.897475890318,2808.19174693727
10,3,30,3,p17,Node_1_250_3133_3650,3133,3128.70348715973,1921.6460197763,4335.76095454316
10,3,30,3,p17,Node_1_260_3551_3650,3551,3096.98487098949,1890.30441639468,4303.6653255843
10,3,30,3,p17,Node_1_270_3212_3650,3212,2329.15322399122,1128.31353846383,3529.99290951861
10,3,30,3,p17,Node_1_960_743_3650,743,1087.39722427389,-117.45139515905,2292.24584370682
10,3,30,3,p17,Node_1_570_20_3650,20,70.2683835165471,-1150.13219510623,1290.66896213933
10,3,30,3,p17,Node_1_1267_1817_3650,1817,1335.95246209915,133.236382007371,2538.66854219093
10,3,30,3,p17,Node_1_1215_2960_3650,2960,4318.42982701887,3089.61723636241,5547.24241767533
10,3,30,3,p17,Node_1_1216_3492_3650,3492,4469.04688158164,3236.44430553615,5701.64945762713
10,3,30,3,p17,Node_1_1232_2252_3650,2252,2629.92361065814,1427.55052804785,3832.29669326842
10,3,30,3,p17,Node_1_510_359_3650,359,69.4336830910144,-1150.98409459174,1289.85146077377
10,3,30,3,p17,Node_1_168_2498_3650,2498,1598.04839571639,396.861899192576,2799.2348922402
10,3,30,3,p17,Node_1_804_3239_3650,3239,2329.33871297467,1128.49838246093,3530.17904348842
10,3,30,3,p17,Node_1_791_1872_3650,1872,1072.09438313912,-132.907151049133,2277.09591732738
10,3,30,3,p17,Node_1_814_1904_3650,1904,1855.32161576388,654.915937662831,3055.72729386493
10,3,30,3,p17,Node_1_22_2130_3650,2130,1854.57965983007,654.172758057971,3054.98656160218
10,3,30,3,p17,Node_1_354_2135_3650,2135,1333.54110531428,130.807520492421,2536.27469013614
10,3,30,3,p17,Node_1_1183_1085_3650,1085,1086.93350181526,-117.919714623188,2291.7867182537
10,3,30,3,p17,Node_1_1293_1833_3650,1833,1600.55249699299,399.377044316912,2801.72794966906
10,3,30,3,p17,Node_1_382_3042_3650,3042,3678.77106758572,2463.48409324019,4894.05804193124
10,3,30,3,p17,Node_1_647_3456_3650,3456,3156.24860120231,1948.85505022999,4363.64215217462
