batch,rep,ali,sub,gene,nodeName,trueDate,nodeDate,lowCI,highCI
7,5,1,2,p17,Node_1_943_1704_1825,1704,1476.73292424057,-582.143095926453,3535.60894440759
7,5,1,2,p17,Node_1_406_1178_1825,1178,1209.28600747439,-852.875111761515,3271.4471267103
7,5,1,2,p17,Node_1_812_159_1825,159,-28.5595194501394,-2122.87070906118,2065.7516701609
7,5,1,2,p17,Node_1_140_1061_1825,1061,1804.4156330712,-252.234849760148,3861.06611590254
7,5,1,2,p17,Node_1_1070_1122_1825,1122,875.278540476994,-1192.82867319998,2943.38575415397
7,5,1,2,p17,Node_1_1086_743_1825,743,1179.06771845539,-883.547301864258,3241.68273877504
7,5,1,2,p17,Node_1_217_580_1825,580,-28.1579475030434,-2122.45426851867,2066.13837351259
7,5,1,2,p17,Node_1_822_451_1825,451,272.318261911808,-1811.64923426125,2356.28575808487
7,5,1,2,p17,Node_1_697_604_1825,604,579.320015466976,-1495.75352185254,2654.3935527865
7,5,1,2,p17,Node_1_1098_1011_1825,1011,1191.8176277757,-870.603835040452,3254.23909059185
7,5,1,2,p17,Node_1_1076_694_3650,694,568.377179908601,-1506.98430166955,2643.73866148675
7,5,1,2,p17,Node_1_1035_2715_3650,2715,3080.71167393021,1013.80323996412,5147.62010789629
7,5,1,2,p17,Node_1_640_1616_3650,1616,2130.89362606054,74.4840757018032,4187.30317641928
7,5,1,2,p17,Node_1_58_2367_3650,2367,1850.09444205341,-206.403554021853,3906.59243812867
7,5,1,2,p17,Node_1_530_2260_3650,2260,2122.46061517152,66.0696799616094,4178.85155038142
7,5,1,2,p17,Node_1_1015_2627_3650,2627,2145.14943018246,88.7054163358857,4201.59344402903
7,5,1,2,p17,Node_1_1103_798_3650,798,875.17814749022,-1192.93115971754,2943.28745469798
7,5,1,2,p17,Node_1_90_1553_3650,1553,2783.64882606567,721.808549290673,4845.48910284067
7,5,1,2,p17,Node_1_533_378_3650,378,270.812367110197,-1813.20290736421,2354.8276415846
7,5,1,2,p17,Node_1_621_398_3650,398,-28.4591264633654,-2122.7665986605,2065.84834573377
7,5,1,2,p17,Node_1_395_206_3650,206,568.276786921826,-1507.08734633541,2643.64092017906
7,5,1,2,p17,Node_1_1211_2769_3650,2769,2087.82503473446,31.4967410535164,4144.15332841539
7,5,1,2,p17,Node_1_111_1624_3650,1624,2413.60027681638,355.804897351119,4471.39565628164
7,5,1,2,p17,Node_1_176_829_3650,829,273.322191779549,-1810.61347461072,2357.25785816982
7,5,1,2,p17,Node_1_1230_256_3650,256,-28.0575545162694,-2122.35015882481,2066.23504979227
7,5,1,2,p17,Node_1_523_1491_3650,1491,1796.18340815572,-260.498664176637,3852.86548048808
7,5,1,2,p17,Node_1_1091_2010_3650,2010,2790.57594215309,728.635903577466,4852.51598072871
7,5,1,2,p17,Node_1_626_1191_3650,1191,272.017082951486,-1811.9599656537,2355.99413155667
7,5,1,2,p17,Node_1_888_2575_3650,2575,1798.39205386475,-258.281420090847,3855.06552782035
7,5,1,2,p17,Node_1_849_1850_3650,1850,1794.67751335411,-262.010473283691,3851.36549999191
7,5,2,2,p17,Node_1_1070_1122_1825,1122,1328.6161701034,-170.657049948861,2827.88939015566
7,5,2,2,p17,Node_1_406_1178_1825,1178,725.286955070503,-781.922160090565,2232.49607023157
7,5,2,2,p17,Node_1_217_580_1825,580,432.485299118494,-1080.30995825444,1945.28055649143
7,5,2,2,p17,Node_1_812_159_1825,159,138.386625864371,-1381.14456169,1657.91781341874
7,5,2,2,p17,Node_1_1098_1011_1825,1011,1031.38303836917,-471.194694725717,2533.96077146406
7,5,2,2,p17,Node_1_822_451_1825,451,431.404451366733,-1081.41350548501,1944.22240821848
7,5,2,2,p17,Node_1_943_1704_1825,1704,3500.90398159232,1989.77863247433,5012.02933071032
7,5,2,2,p17,Node_1_140_1061_1825,1061,1320.9421510659,-178.401534433882,2820.28583656568
7,5,2,2,p17,Node_1_1086_743_1825,743,1319.42896421343,-179.928708975753,2818.78663740262
7,5,2,2,p17,Node_1_697_604_1825,604,725.286955070503,-781.922160090565,2232.49607023157
7,5,2,2,p17,Node_1_1035_2715_3650,2715,2541.54351712941,1043.45221100613,4039.63482325268
7,5,2,2,p17,Node_1_1230_256_3650,256,138.494710639547,-1381.0337960214,1658.0232173005
7,5,2,2,p17,Node_1_1076_694_3650,694,138.818964965075,-1380.70149991744,1658.33942984759
7,5,2,2,p17,Node_1_621_398_3650,398,1019.0613739991,-483.678780945658,2521.80152894385
7,5,2,2,p17,Node_1_90_1553_3650,1553,1928.27050278031,432.057617733689,3424.48338782693
7,5,2,2,p17,Node_1_395_206_3650,206,138.818964965075,-1380.70149991744,1658.33942984759
7,5,2,2,p17,Node_1_1015_2627_3650,2627,2904.27602262034,1402.69573392869,4405.85631131199
7,5,2,2,p17,Node_1_523_1491_3650,1491,1316.72684483403,-182.655882640966,2816.10957230903
7,5,2,2,p17,Node_1_1211_2769_3650,2769,3537.32855082666,2025.46863520835,5049.18846644498
7,5,2,2,p17,Node_1_530_2260_3650,2260,1021.00689995227,-481.707475157958,2523.72127506249
7,5,2,2,p17,Node_1_1091_2010_3650,2010,3490.09550407472,1979.1847891472,5001.00621900223
7,5,2,2,p17,Node_1_111_1624_3650,1624,1917.67819481306,421.453243159803,3413.90314646631
7,5,2,2,p17,Node_1_533_378_3650,378,727.124396248497,-780.053220073644,2234.30201257064
7,5,2,2,p17,Node_1_640_1616_3650,1616,725.503124620856,-781.70228248413,2232.70853172584
7,5,2,2,p17,Node_1_888_2575_3650,2575,3534.08600757138,2022.2921867321,5045.87982841066
7,5,2,2,p17,Node_1_626_1191_3650,1191,1021.97966292885,-480.721841145572,2524.68116700328
7,5,2,2,p17,Node_1_58_2367_3650,2367,1325.04937252259,-174.256500971456,2824.35524601664
7,5,2,2,p17,Node_1_176_829_3650,829,430.539773165324,-1082.29635423592,1943.37590056657
7,5,2,2,p17,Node_1_849_1850_3650,1850,1334.88508706361,-164.33115504014,2834.10132916737
7,5,2,2,p17,Node_1_1103_798_3650,798,726.908226698145,-780.273093059389,2234.08954645568
7,5,3,2,p17,Node_1_406_1178_1825,1178,2056.96555776508,682.823863576048,3431.10725195412
7,5,3,2,p17,Node_1_822_451_1825,451,384.093500045267,-1006.24873451901,1774.43573460954
7,5,3,2,p17,Node_1_140_1061_1825,1061,386.015951541329,-1004.28812357326,1776.32002665592
7,5,3,2,p17,Node_1_812_159_1825,159,71.6385892442231,-1325.48989961982,1468.76707810827
7,5,3,2,p17,Node_1_697_604_1825,604,699.262460017222,-685.416327961575,2083.94124799602
7,5,3,2,p17,Node_1_1070_1122_1825,1122,1331.40974607507,-45.5429766042732,2708.36246875442
7,5,3,2,p17,Node_1_1098_1011_1825,1011,701.411082277526,-683.233204145803,2086.05536870086
7,5,3,2,p17,Node_1_1086_743_1825,743,1013.97907846069,-366.243226715258,2394.20138363664
7,5,3,2,p17,Node_1_943_1704_1825,1704,695.982983935706,-688.74857198705,2080.71453985846
7,5,3,2,p17,Node_1_217_580_1825,580,705.029814505406,-679.556490288029,2089.61611929884
7,5,3,2,p17,Node_1_530_2260_3650,2260,2304.05711770004,929.386357609799,3678.72787779028
7,5,3,2,p17,Node_1_849_1850_3650,1850,1658.11341502339,283.231548594242,3032.99528145255
7,5,3,2,p17,Node_1_1211_2769_3650,2769,3603.06890212697,2213.27491391223,4992.8628903417
7,5,3,2,p17,Node_1_395_206_3650,206,383.754243898904,-1006.59472927075,1774.10321706856
7,5,3,2,p17,Node_1_1230_256_3650,256,384.998183102237,-1005.32608857204,1775.32245477651
7,5,3,2,p17,Node_1_533_378_3650,378,71.7516746263444,-1325.37414907011,1468.8774983228
7,5,3,2,p17,Node_1_1076_694_3650,694,1637.19261933096,262.217618874897,3012.16761978703
7,5,3,2,p17,Node_1_1015_2627_3650,2627,2297.27199477276,922.625847809175,3671.91814173635
7,5,3,2,p17,Node_1_176_829_3650,829,1333.78453909962,-43.1483845669761,2710.71746276621
7,5,3,2,p17,Node_1_90_1553_3650,1553,1959.25978761231,585.118834408837,3333.40074081579
7,5,3,2,p17,Node_1_1091_2010_3650,2010,1013.75290769645,-366.472167008045,2393.97798240094
7,5,3,2,p17,Node_1_111_1624_3650,1624,1007.98555320826,-372.310355581647,2388.28146199818
7,5,3,2,p17,Node_1_58_2367_3650,2367,2306.43191072458,931.752401564841,3681.11141988433
7,5,3,2,p17,Node_1_1103_798_3650,798,383.301902370419,-1007.05605774592,1773.65986248676
7,5,3,2,p17,Node_1_626_1191_3650,1191,383.641158516782,-1006.71006116031,1773.99237819388
7,5,3,2,p17,Node_1_621_398_3650,398,695.643727789342,-689.093294311607,2080.38074989029
7,5,3,2,p17,Node_1_888_2575_3650,2575,1997.93498829778,623.807871808922,3372.06210478665
7,5,3,2,p17,Node_1_640_1616_3650,1616,382.962646224055,-1007.40205570691,1773.32734815501
7,5,3,2,p17,Node_1_1035_2715_3650,2715,2631.55238432321,1255.01760729552,4008.0871613509
7,5,3,2,p17,Node_1_523_1491_3650,1491,1027.43623893312,-352.622404067303,2407.49488193355
7,5,4,2,p17,Node_1_943_1704_1825,1704,1507.57816011548,-359.158611266637,3374.31493149759
7,5,4,2,p17,Node_1_822_451_1825,451,856.954470907774,-1018.76916227948,2732.67810409503
7,5,4,2,p17,Node_1_140_1061_1825,1061,853.445714494481,-1022.34542907143,2729.23685806039
7,5,4,2,p17,Node_1_1070_1122_1825,1122,868.483241980021,-1007.02000185407,2743.98648581411
7,5,4,2,p17,Node_1_1086_743_1825,743,198.812017957302,-1693.10204851193,2090.72608442653
7,5,4,2,p17,Node_1_812_159_1825,159,-127.627641207965,-2030.16841192898,1774.91312951305
7,5,4,2,p17,Node_1_697_604_1825,604,1182.39162824067,-687.956362300516,3052.73961878186
7,5,4,2,p17,Node_1_406_1178_1825,1178,1834.14313200979,-30.7482220818854,3699.03448610146
7,5,4,2,p17,Node_1_217_580_1825,580,525.752928038753,-1357.23537587167,2408.74123194917
7,5,4,2,p17,Node_1_1098_1011_1825,1011,526.254178954937,-1356.72177293342,2409.23013084329
7,5,4,2,p17,Node_1_626_1191_3650,1191,1171.48942081365,-699.010195707398,3041.98903733471
7,5,4,2,p17,Node_1_523_1491_3650,1491,2221.35946476245,356.336416626815,4086.38251289808
7,5,4,2,p17,Node_1_1230_256_3650,256,526.880742600168,-1356.07977502372,2409.84126022405
7,5,4,2,p17,Node_1_58_2367_3650,2367,3659.57365602531,1772.15134486124,5546.99596718938
7,5,4,2,p17,Node_1_395_206_3650,206,525.752928038753,-1357.23537587167,2408.74123194917
7,5,4,2,p17,Node_1_640_1616_3650,1616,1530.38507680188,-336.164749253351,3396.93490285711
7,5,4,2,p17,Node_1_888_2575_3650,2575,1526.24975674335,-340.333319580628,3392.83283306734
7,5,4,2,p17,Node_1_849_1850_3650,1850,856.578532720635,-1019.15232400484,2732.30938944611
7,5,4,2,p17,Node_1_1076_694_3650,694,-126.875764833688,-2029.39011199561,1775.63858232823
7,5,4,2,p17,Node_1_621_398_3650,398,853.571027223527,-1022.21770175955,2729.35975620661
7,5,4,2,p17,Node_1_90_1553_3650,1553,1521.11193485246,-345.512851298648,3387.73672100357
7,5,4,2,p17,Node_1_111_1624_3650,1624,2210.58257006448,345.597252030759,4075.56788809819
7,5,4,2,p17,Node_1_1091_2010_3650,2010,2233.26417402183,368.197180935879,4098.33116710779
7,5,4,2,p17,Node_1_1211_2769_3650,2769,2857.57219012984,986.874086744756,4728.27029351492
7,5,4,2,p17,Node_1_1035_2715_3650,2715,2878.24879042246,1007.25285252889,4749.24472831602
7,5,4,2,p17,Node_1_1103_798_3650,798,2203.3144317798,338.353458749439,4068.27540481016
7,5,4,2,p17,Node_1_530_2260_3650,2260,3217.47034795043,1340.57595201624,5094.36474388463
7,5,4,2,p17,Node_1_176_829_3650,829,198.185454312071,-1693.74737631019,2090.11828493433
7,5,4,2,p17,Node_1_533_378_3650,378,198.185454312071,-1693.74737631019,2090.11828493433
7,5,4,2,p17,Node_1_1015_2627_3650,2627,4582.12596725067,2662.62276153367,6501.62917296766
7,5,5,2,p17,Node_1_1098_1011_1825,1011,977.029709588681,-856.651951595754,2810.71137077312
7,5,5,2,p17,Node_1_943_1704_1825,1704,2602.42692392544,774.545913956222,4430.30793389466
7,5,5,2,p17,Node_1_140_1061_1825,1061,334.623004781708,-1513.21129862217,2182.45730818558
7,5,5,2,p17,Node_1_697_604_1825,604,654.953363837477,-1184.996494885,2494.90322255995
7,5,5,2,p17,Node_1_406_1178_1825,1178,1310.86236575581,-518.096421883654,3139.82115339528
7,5,5,2,p17,Node_1_1086_743_1825,743,333.575412764447,-1514.28735347018,2181.43817899907
7,5,5,2,p17,Node_1_217_580_1825,580,12.313860804447,-1845.09337988813,1869.72110149703
7,5,5,2,p17,Node_1_822_451_1825,451,12.7794572565626,-1844.61278004822,1870.17169456135
7,5,5,2,p17,Node_1_812_159_1825,159,12.4302599174759,-1844.97322961124,1869.8337494462
7,5,5,2,p17,Node_1_1070_1122_1825,1122,332.411421634158,-1515.48299035147,2180.30583361979
7,5,5,2,p17,Node_1_626_1191_3650,1191,1634.10270263731,-192.016995334266,3460.22240060888
7,5,5,2,p17,Node_1_888_2575_3650,2575,3692.38821832886,1844.22653022589,5540.54990643183
7,5,5,2,p17,Node_1_176_829_3650,829,1303.76201986104,-525.278319429466,3132.80235915155
7,5,5,2,p17,Node_1_530_2260_3650,2260,2286.17053382568,460.558315814682,4111.78275183669
7,5,5,2,p17,Node_1_640_1616_3650,1616,980.870880318638,-852.746137357471,2814.48789799475
7,5,5,2,p17,Node_1_523_1491_3650,1491,334.739403894738,-1513.09173804524,2182.57054583471
7,5,5,2,p17,Node_1_1015_2627_3650,2627,2975.83527852243,1143.16992612064,4808.50063092421
7,5,5,2,p17,Node_1_1103_798_3650,798,983.431660805275,-850.14239405713,2817.00571566768
7,5,5,2,p17,Node_1_621_398_3650,398,652.39258335084,-1187.61380487654,2492.39897157822
7,5,5,2,p17,Node_1_1035_2715_3650,2715,3280.68455554534,1442.43442815418,5118.9346829365
7,5,5,2,p17,Node_1_111_1624_3650,1624,2631.64310129571,803.469816293282,4459.81638629815
7,5,5,2,p17,Node_1_849_1850_3650,1850,1960.48581557058,135.493651009682,3785.47798013148
7,5,5,2,p17,Node_1_58_2367_3650,2367,2865.60531848398,1034.58865887526,4696.62197809269
7,5,5,2,p17,Node_1_395_206_3650,206,12.1974616914181,-1845.2135303763,1869.60845375913
7,5,5,2,p17,Node_1_1076_694_3650,694,12.7794572565626,-1844.61278004822,1870.17169456135
7,5,5,2,p17,Node_1_1230_256_3650,256,662.053709732246,-1177.73995832571,2501.84737779021
7,5,5,2,p17,Node_1_90_1553_3650,1553,659.492929245608,-1180.35697661825,2499.34283510947
7,5,5,2,p17,Node_1_1091_2010_3650,2010,1313.77234358154,-515.153259125951,3142.69794628903
7,5,5,2,p17,Node_1_1211_2769_3650,2769,1296.89447219233,-532.225528172092,3126.01447255676
7,5,5,2,p17,Node_1_533_378_3650,378,652.159785124782,-1187.85174736441,2492.17131761398
7,5,6,2,p17,Node_1_697_604_1825,604,347.016747490765,-1245.27654416484,1939.31003914637
7,5,6,2,p17,Node_1_1070_1122_1825,1122,653.94515698522,-931.861067370913,2239.75138134135
7,5,6,2,p17,Node_1_217_580_1825,580,650.008735463672,-935.872474547454,2235.8899454748
7,5,6,2,p17,Node_1_822_451_1825,451,45.9367356854671,-1553.96990837871,1645.84337974964
7,5,6,2,p17,Node_1_406_1178_1825,1178,2981.38249889737,1401.7976965944,4560.96730120034
7,5,6,2,p17,Node_1_140_1061_1825,1061,1571.80618662401,-2.41796084506518,3146.03033409308
7,5,6,2,p17,Node_1_943_1704_1825,1704,1257.79221839077,-319.064529771515,2834.64896655305
7,5,6,2,p17,Node_1_1086_743_1825,743,346.229463186455,-1246.08212941538,1938.54105578829
7,5,6,2,p17,Node_1_812_159_1825,159,46.274143244457,-1553.62328240052,1646.17156888944
7,5,6,2,p17,Node_1_1098_1011_1825,1011,963.685296137925,-616.894576018769,2544.26516829462
7,5,6,2,p17,Node_1_1035_2715_3650,2715,3794.87212362196,2199.52016170814,5390.22408553577
7,5,6,2,p17,Node_1_58_2367_3650,2367,1572.25606336933,-1.96531068675017,3146.47743742541
7,5,6,2,p17,Node_1_640_1616_3650,1616,1870.74928388904,297.736913201858,3443.76165457622
7,5,6,2,p17,Node_1_849_1850_3650,1850,2166.65571312316,593.596378904752,3739.71504734156
7,5,6,2,p17,Node_1_176_829_3650,829,1585.3024889836,11.1602996150668,3159.44467835214
7,5,6,2,p17,Node_1_621_398_3650,398,45.9367356854671,-1553.96990837871,1645.84337974964
7,5,6,2,p17,Node_1_1211_2769_3650,2769,2498.21487442387,923.629969491304,4072.79977935644
7,5,6,2,p17,Node_1_626_1191_3650,1191,1572.36853255566,-1.85214859409234,3146.58921370541
7,5,6,2,p17,Node_1_111_1624_3650,1624,1870.41187633005,297.398851130738,3443.42490152936
7,5,6,2,p17,Node_1_1103_798_3650,798,948.726894356041,-632.074691487632,2529.52848019971
7,5,6,2,p17,Node_1_530_2260_3650,2260,2206.58227427029,633.421624870341,3779.74292367024
7,5,6,2,p17,Node_1_1015_2627_3650,2627,1103.37202555973,-475.288388070975,2682.03243919044
7,5,6,2,p17,Node_1_523_1491_3650,1491,2027.08145288768,454.198844311393,3599.96406146397
7,5,6,2,p17,Node_1_1091_2010_3650,2010,2525.20747914306,950.429957178467,4099.98500110766
7,5,6,2,p17,Node_1_90_1553_3650,1553,2863.9646683689,1285.89668317681,4442.03265356099
7,5,6,2,p17,Node_1_1076_694_3650,694,651.695773258621,-934.153273813303,2237.54482033055
7,5,6,2,p17,Node_1_533_378_3650,378,346.229463186455,-1246.08212941538,1938.54105578829
7,5,6,2,p17,Node_1_888_2575_3650,2575,2519.35908145391,944.624166205899,4094.09399670191
7,5,6,2,p17,Node_1_1230_256_3650,256,955.362576349508,-625.340269825483,2536.0654225245
7,5,6,2,p17,Node_1_395_206_3650,206,346.229463186455,-1246.08212941538,1938.54105578829
7,5,7,2,p17,Node_1_1070_1122_1825,1122,1957.48313219825,287.499453557813,3627.46681083868
7,5,7,2,p17,Node_1_1086_743_1825,743,825.366641987647,-855.076472469094,2505.80975644439
7,5,7,2,p17,Node_1_943_1704_1825,1704,1658.65136365765,-12.2286040671756,3329.53133138247
7,5,7,2,p17,Node_1_697_604_1825,604,270.407578158921,-1422.10177820918,1962.91693452702
7,5,7,2,p17,Node_1_140_1061_1825,1061,832.235193629652,-848.086885108403,2512.55727236771
7,5,7,2,p17,Node_1_406_1178_1825,1178,1677.56476672984,6.78131340202594,3348.34822005765
7,5,7,2,p17,Node_1_1098_1011_1825,1011,271.104387745791,-1421.38700579189,1963.59578128347
7,5,7,2,p17,Node_1_217_580_1825,580,546.841895692979,-1139.09431549056,2232.77810687651
7,5,7,2,p17,Node_1_812_159_1825,159,-3.23950102765554,-1703.3432004096,1696.86419835429
7,5,7,2,p17,Node_1_822_451_1825,451,269.909857025443,-1422.61233423148,1962.43204828237
7,5,7,2,p17,Node_1_90_1553_3650,1553,816.507205811726,-864.09305575801,2497.10746738146
7,5,7,2,p17,Node_1_111_1624_3650,1624,1389.38423044568,-283.451958860509,3062.22041975188
7,5,7,2,p17,Node_1_1091_2010_3650,2010,1389.58331889907,-283.251022643594,3062.41766044174
7,5,7,2,p17,Node_1_1211_2769_3650,2769,4090.51682183446,2388.22841501755,5792.80522865138
7,5,7,2,p17,Node_1_888_2575_3650,2575,1463.24604665392,-208.945352817017,3135.43744612486
7,5,7,2,p17,Node_1_530_2260_3650,2260,2245.96230116249,575.569777880701,3916.35482444427
7,5,7,2,p17,Node_1_1103_798_3650,798,544.552378478977,-1141.43370263637,2230.53845959433
7,5,7,2,p17,Node_1_1230_256_3650,256,-3.04041257426404,-1703.13819689368,1697.05737174516
7,5,7,2,p17,Node_1_395_206_3650,206,271.900741559357,-1420.57013162084,1964.37161473955
7,5,7,2,p17,Node_1_533_378_3650,378,546.443718786196,-1139.50115992411,2232.3885974965
7,5,7,2,p17,Node_1_640_1616_3650,1616,1384.60610756429,-288.274606021557,3057.48682115013
7,5,7,2,p17,Node_1_1076_694_3650,694,1099.31235385431,-576.844964950201,2775.46967265882
7,5,7,2,p17,Node_1_621_398_3650,398,820.588519106251,-859.939204916206,2501.11624312871
7,5,7,2,p17,Node_1_849_1850_3650,1850,1958.37903023851,288.396019648904,3628.36204082811
7,5,7,2,p17,Node_1_58_2367_3650,2367,4432.45124053432,2718.82655666024,6146.07592440839
7,5,7,2,p17,Node_1_1035_2715_3650,2715,2801.71771880478,1127.01502343693,4476.42041417263
7,5,7,2,p17,Node_1_176_829_3650,829,543.656480438715,-1142.34913585752,2229.66209673495
7,5,7,2,p17,Node_1_1015_2627_3650,2627,2532.7492182729,860.710505554645,4204.78793099116
7,5,7,2,p17,Node_1_523_1491_3650,1491,1380.62433849646,-292.293739643497,3053.54241663641
7,5,7,2,p17,Node_1_626_1191_3650,1191,-5.03129710817884,-1705.18825748219,1695.12566326583
7,5,8,2,p17,Node_1_1070_1122_1825,1122,875.045187563311,-819.0854071144,2569.17578224102
7,5,8,2,p17,Node_1_697_604_1825,604,572.617024517067,-1127.36044526661,2272.59449430074
7,5,8,2,p17,Node_1_406_1178_1825,1178,1769.30888798024,84.4497558458893,3454.16802011459
7,5,8,2,p17,Node_1_1098_1011_1825,1011,1795.85908998329,111.090547903155,3480.62763206342
7,5,8,2,p17,Node_1_1086_743_1825,743,1176.65955131444,-512.998251600808,2866.31735422969
7,5,8,2,p17,Node_1_822_451_1825,451,574.041173283515,-1125.90558781233,2273.98793437936
7,5,8,2,p17,Node_1_943_1704_1825,1704,2083.74059062939,399.267744622804,3768.21343663598
7,5,8,2,p17,Node_1_812_159_1825,159,275.0716572415,-1431.97570624939,1982.11902073239
7,5,8,2,p17,Node_1_140_1061_1825,1061,1174.42160325288,-515.264363641142,2864.10757014691
7,5,8,2,p17,Node_1_217_580_1825,580,-21.2530110913984,-1736.6238221075,1694.1177999247
7,5,8,2,p17,Node_1_888_2575_3650,2575,1794.63839104062,109.865918328978,3479.41086375226
7,5,8,2,p17,Node_1_530_2260_3650,2260,3712.76332962117,2006.41521934432,5419.11143989801
7,5,8,2,p17,Node_1_1076_694_3650,694,-20.7443865319529,-1736.09982449137,1694.61105142747
7,5,8,2,p17,Node_1_1015_2627_3650,2627,3982.74124577479,2268.96742094228,5696.51507060731
7,5,8,2,p17,Node_1_640_1616_3650,1616,1174.82850290044,-514.852337670054,2864.50934347093
7,5,8,2,p17,Node_1_533_378_3650,378,274.969932329611,-1432.08006988356,1982.01993454279
7,5,8,2,p17,Node_1_58_2367_3650,2367,2738.95074810698,1050.46776121249,4427.43373500146
7,5,8,2,p17,Node_1_1035_2715_3650,2715,1790.67111947695,105.885716156039,3475.45652279785
7,5,8,2,p17,Node_1_1091_2010_3650,2010,2114.76668875556,430.250648580489,3799.28272893064
7,5,8,2,p17,Node_1_849_1850_3650,1850,1471.86524561656,-214.738799406611,3158.46929063973
7,5,8,2,p17,Node_1_626_1191_3650,1191,1475.01871788512,-211.559805306235,3161.59724107648
7,5,8,2,p17,Node_1_176_829_3650,829,1476.1376919159,-210.431811273603,3162.7071951054
7,5,8,2,p17,Node_1_111_1624_3650,1624,1474.61181823757,-211.969989646995,3161.19362612213
7,5,8,2,p17,Node_1_395_206_3650,206,-20.846111443842,-1736.20462371725,1694.51240082956
7,5,8,2,p17,Node_1_1211_2769_3650,2769,3048.39793007357,1355.76902818789,4741.02683195924
7,5,8,2,p17,Node_1_1230_256_3650,256,569.870451896062,-1130.16632633,2269.90723012212
7,5,8,2,p17,Node_1_621_398_3650,398,275.0716572415,-1431.97570624939,1982.11902073239
7,5,8,2,p17,Node_1_523_1491_3650,1491,1794.74011595251,109.967971656559,3479.51226024846
7,5,8,2,p17,Node_1_1103_798_3650,798,1492.41367781815,-194.02676531956,3178.85412095587
7,5,8,2,p17,Node_1_90_1553_3650,1553,880.64005771721,-813.395181332723,2574.67529676714
7,5,9,2,p17,Node_1_1098_1011_1825,1011,2038.3956995917,508.948085507218,3567.84331367619
7,5,9,2,p17,Node_1_140_1061_1825,1061,391.875755033902,-1155.44216147162,1939.19367153942
7,5,9,2,p17,Node_1_812_159_1825,159,68.2788178502063,-1486.85222604417,1623.40986174458
7,5,9,2,p17,Node_1_1070_1122_1825,1122,1700.2351241813,170.143843419437,3230.32640494316
7,5,9,2,p17,Node_1_697_604_1825,604,1368.58674472593,-163.663779181173,2900.83726863302
7,5,9,2,p17,Node_1_822_451_1825,451,392.230965722358,-1155.07913622169,1939.5410676664
7,5,9,2,p17,Node_1_406_1178_1825,1178,2763.73592541948,1230.36031006454,4297.11154077442
7,5,9,2,p17,Node_1_217_580_1825,580,1043.68736835123,-492.13955680481,2579.51429350726
7,5,9,2,p17,Node_1_1086_743_1825,743,1047.12107167297,-488.660527249028,2582.90267059497
7,5,9,2,p17,Node_1_943_1704_1825,1704,1700.0838233484,169.991902191227,3230.17574450558
7,5,9,2,p17,Node_1_1015_2627_3650,2627,1711.95707690036,181.914452857907,3241.99970094281
7,5,9,2,p17,Node_1_90_1553_3650,1553,1713.02270896573,182.984414502464,3243.06100342899
7,5,9,2,p17,Node_1_176_829_3650,829,391.520544345446,-1155.80518840037,1938.84627709126
7,5,9,2,p17,Node_1_533_378_3650,378,1044.04257903968,-491.779649755961,2579.86480783532
7,5,9,2,p17,Node_1_523_1491_3650,1491,1697.39343867365,167.290077606159,3227.49679974114
7,5,9,2,p17,Node_1_640_1616_3650,1616,2399.05295193767,868.556134946224,3929.54976892912
7,5,9,2,p17,Node_1_395_206_3650,206,68.1604142873876,-1486.97374091048,1623.29456948526
7,5,9,2,p17,Node_1_621_398_3650,398,67.9236071617503,-1487.21677119432,1623.06398551782
7,5,9,2,p17,Node_1_1211_2769_3650,2769,2687.95764521547,1155.33026955807,4220.58502087286
7,5,9,2,p17,Node_1_1103_798_3650,798,2052.13051287868,522.675752855659,3581.5852729017
7,5,9,2,p17,Node_1_849_1850_3650,1850,1370.71800885666,-161.513819790178,2902.94983750351
7,5,9,2,p17,Node_1_1076_694_3650,694,392.112562159539,-1155.2001444518,1939.42526877087
7,5,9,2,p17,Node_1_626_1191_3650,1191,1041.55610422049,-494.299035149776,2577.41124359075
7,5,9,2,p17,Node_1_111_1624_3650,1624,1709.94421633244,179.893371559616,3239.99506110526
7,5,9,2,p17,Node_1_530_2260_3650,2260,3436.86018004418,1893.40906636368,4980.31129372468
7,5,9,2,p17,Node_1_888_2575_3650,2575,1559.80849867824,28.98738265105,3090.62961470543
7,5,9,2,p17,Node_1_58_2367_3650,2367,3421.46771687774,1878.31538810729,4964.62004564819
7,5,9,2,p17,Node_1_1230_256_3650,256,66.9763786592008,-1488.18889967896,1622.14165699736
7,5,9,2,p17,Node_1_1035_2715_3650,2715,2729.99091001613,1196.9581982469,4263.02362178537
7,5,9,2,p17,Node_1_1091_2010_3650,2010,2757.10532590163,1223.79831741292,4290.41233439034
7,5,10,2,p17,Node_1_812_159_1825,159,590.079290642014,-1057.07701659357,2237.2355978776
7,5,10,2,p17,Node_1_943_1704_1825,1704,1980.28131784461,347.82556733603,3612.73706835319
7,5,10,2,p17,Node_1_406_1178_1825,1178,1037.60328369581,-601.749143446086,2676.95571083771
7,5,10,2,p17,Node_1_697_604_1825,604,1968.37380583431,335.912246676955,3600.83536499166
7,5,10,2,p17,Node_1_140_1061_1825,1061,1046.4236629627,-592.804055535786,2685.65138146119
7,5,10,2,p17,Node_1_217_580_1825,580,1349.95496448453,-285.671318041547,2985.58124701061
7,5,10,2,p17,Node_1_1086_743_1825,743,154.132045376008,-1503.38229093236,1811.64638168438
7,5,10,2,p17,Node_1_822_451_1825,451,2313.14038042885,680.003358258639,3946.27740259906
7,5,10,2,p17,Node_1_1098_1011_1825,1011,755.020382932845,-888.92373103801,2398.9644969037
7,5,10,2,p17,Node_1_1070_1122_1825,1122,153.250007449319,-1504.2880104421,1810.78802534074
7,5,10,2,p17,Node_1_1103_798_3650,798,1964.40463516421,331.940676449755,3596.86859387866
7,5,10,2,p17,Node_1_1091_2010_3650,2010,2599.0309234169,964.009857450843,4234.05198938295
7,5,10,2,p17,Node_1_1035_2715_3650,2715,1643.2325751086,9.80692329678004,3276.65822692042
7,5,10,2,p17,Node_1_1076_694_3650,694,745.097456257594,-899.02885218637,2389.22376470156
7,5,10,2,p17,Node_1_111_1624_3650,1624,1658.44772934399,25.1018330422137,3291.79362564576
7,5,10,2,p17,Node_1_621_398_3650,398,1045.2108608135,-594.033938127312,2684.45565975432
7,5,10,2,p17,Node_1_640_1616_3650,1616,1668.37065601924,35.0749431362863,3301.66636890219
7,5,10,2,p17,Node_1_533_378_3650,378,154.903828561861,-1502.58979532695,1812.39745245068
7,5,10,2,p17,Node_1_1211_2769_3650,2769,3195.06805237695,1552.28078311262,4837.85532164127
7,5,10,2,p17,Node_1_523_1491_3650,1491,2565.40322746188,930.665943229402,4200.14051169436
7,5,10,2,p17,Node_1_1015_2627_3650,2627,2930.89769333361,1292.18997551267,4569.60541115455
7,5,10,2,p17,Node_1_1230_256_3650,256,747.633315296825,-896.446297496639,2391.71292809029
7,5,10,2,p17,Node_1_888_2575_3650,2575,2344.1219626038,710.838701546013,3977.40522366158
7,5,10,2,p17,Node_1_849_1850_3650,1850,1652.82473756134,19.449762300844,3286.19971282184
7,5,10,2,p17,Node_1_176_829_3650,829,595.151008720475,-1051.90071239265,2242.2027298336
7,5,10,2,p17,Node_1_58_2367_3650,2367,2289.98688485326,656.949947328631,3923.02382237789
7,5,10,2,p17,Node_1_626_1191_3650,1191,755.020382932844,-888.92373103801,2398.9644969037
7,5,10,2,p17,Node_1_90_1553_3650,1553,2264.18727549761,631.252584526909,3897.12196646831
7,5,10,2,p17,Node_1_395_206_3650,206,449.063477112621,-1201.14797218079,2099.27492640603
7,5,10,2,p17,Node_1_530_2260_3650,2260,2693.18847209094,1057.28479584178,4329.0921483401
7,5,11,2,p17,Node_1_1070_1122_1825,1122,970.665789363978,-732.966033715553,2674.29761244351
7,5,11,2,p17,Node_1_697_604_1825,604,396.541475196292,-1318.6042892395,2111.68723963208
7,5,11,2,p17,Node_1_217_580_1825,580,394.785111449513,-1320.40339293485,2109.97361583387
7,5,11,2,p17,Node_1_812_159_1825,159,395.198373507579,-1319.98007032424,2110.3768173394
7,5,11,2,p17,Node_1_1098_1011_1825,1011,1847.29793003571,151.659735713335,3542.93612435808
7,5,11,2,p17,Node_1_406_1178_1825,1178,963.640334376862,-740.102576839071,2667.38324559279
7,5,11,2,p17,Node_1_140_1061_1825,1061,1254.99008531314,-444.770938073476,2954.75110869975
7,5,11,2,p17,Node_1_943_1704_1825,1704,961.264077542984,-742.516575732446,2665.04473081842
7,5,11,2,p17,Node_1_822_451_1825,451,962.503863717181,-741.257087446171,2666.26481488053
7,5,11,2,p17,Node_1_1086_743_1825,743,394.268533876931,-1320.93254974091,2109.46961749477
7,5,11,2,p17,Node_1_176_829_3650,829,960.644184455886,-743.146328550339,2664.43469746211
7,5,11,2,p17,Node_1_533_378_3650,378,113.456965421332,-1609.16245404293,1836.07638488559
7,5,11,2,p17,Node_1_621_398_3650,398,394.681795934997,-1320.50922398114,2109.87281585114
7,5,11,2,p17,Node_1_395_206_3650,206,394.681795934997,-1320.50922398114,2109.87281585114
7,5,11,2,p17,Node_1_530_2260_3650,2260,3357.04754366399,1647.75379136509,5066.3412959629
7,5,11,2,p17,Node_1_58_2367_3650,2367,2404.4784998227,707.83326430787,4101.12373533754
7,5,11,2,p17,Node_1_90_1553_3650,1553,2917.74997594022,1215.99229485532,4619.50765702512
7,5,11,2,p17,Node_1_626_1191_3650,1191,1541.79395361069,-155.303667597215,3238.89157481859
7,5,11,2,p17,Node_1_1230_256_3650,256,113.043703363266,-1609.5874834021,1835.67489012864
7,5,11,2,p17,Node_1_1035_2715_3650,2715,2692.00557672187,992.98908001535,4391.02207342839
7,5,11,2,p17,Node_1_640_1616_3650,1616,2154.86821675106,459.260162692847,3850.47627080927
7,5,11,2,p17,Node_1_1103_798_3650,798,679.832616000286,-1029.01737610966,2388.68260811023
7,5,11,2,p17,Node_1_111_1624_3650,1624,2167.16276297851,471.525885834108,3862.79964012291
7,5,11,2,p17,Node_1_849_1850_3650,1850,967.15306187042,-736.534212410572,2670.84033615141
7,5,11,2,p17,Node_1_1091_2010_3650,2010,1254.47350774055,-445.293439619814,2954.24045510092
7,5,11,2,p17,Node_1_1076_694_3650,694,394.88842696403,-1320.297562046,2110.07441597406
7,5,11,2,p17,Node_1_1211_2769_3650,2769,2405.20170842432,708.55208720549,4101.85132964314
7,5,11,2,p17,Node_1_888_2575_3650,2575,4930.54282974891,3171.06272277011,6690.0229367277
7,5,11,2,p17,Node_1_1015_2627_3650,2627,2151.04554271395,455.445980110223,3846.64510531768
7,5,11,2,p17,Node_1_523_1491_3650,1491,402.740406067277,-1312.25487527071,2117.73568740527
7,5,12,2,p17,Node_1_406_1178_1825,1178,1751.39247644582,225.705987164622,3277.07896572702
7,5,12,2,p17,Node_1_217_580_1825,580,1398.27037035358,-129.513269432524,2926.05401013969
7,5,12,2,p17,Node_1_822_451_1825,451,772.25585724971,-763.426504730314,2307.93821922973
7,5,12,2,p17,Node_1_1086_743_1825,743,469.611603495683,-1071.78656101023,2011.0097680016
7,5,12,2,p17,Node_1_697_604_1825,604,773.815879176277,-761.840202854834,2309.47196120739
7,5,12,2,p17,Node_1_812_159_1825,159,469.054452807624,-1072.3553629529,2010.46426856814
7,5,12,2,p17,Node_1_1098_1011_1825,1011,1086.04312476493,-445.014774477157,2617.10102400702
7,5,12,2,p17,Node_1_1070_1122_1825,1122,1409.63624439,-118.05329786018,2937.32578664018
7,5,12,2,p17,Node_1_140_1061_1825,1061,1084.26024256314,-446.820164622674,2615.34064974895
7,5,12,2,p17,Node_1_943_1704_1825,1704,2660.77382949686,1132.60887086055,4188.93878813317
7,5,12,2,p17,Node_1_1103_798_3650,798,775.71019151568,-759.914023193501,2311.33440622486
7,5,12,2,p17,Node_1_1230_256_3650,256,468.943022670012,-1072.46912383729,2010.35516917732
7,5,12,2,p17,Node_1_1015_2627_3650,2627,3396.43559801088,1858.00384611869,4934.86734990307
7,5,12,2,p17,Node_1_621_398_3650,398,778.161654543143,-757.4213918153,2313.74470090159
7,5,12,2,p17,Node_1_849_1850_3650,1850,1090.50033026941,-440.501488019104,2621.50214855792
7,5,12,2,p17,Node_1_1076_694_3650,694,777.715933992695,-757.874591502302,2313.30645948769
7,5,12,2,p17,Node_1_176_829_3650,829,468.051581569116,-1073.3792168627,2009.48238000093
7,5,12,2,p17,Node_1_626_1191_3650,1191,467.271570605833,-1074.17555693714,2008.7186981488
7,5,12,2,p17,Node_1_90_1553_3650,1553,2331.7206331288,805.762697851509,3857.67856840609
7,5,12,2,p17,Node_1_1211_2769_3650,2769,2969.99246136999,1438.40557360448,4501.57934913549
7,5,12,2,p17,Node_1_395_206_3650,206,468.943022670012,-1072.46912383729,2010.35516917732
7,5,12,2,p17,Node_1_533_378_3650,378,163.290155200463,-1385.134574128,1711.71488452893
7,5,12,2,p17,Node_1_888_2575_3650,2575,4577.81791697266,3007.85208015618,6147.78375378914
7,5,12,2,p17,Node_1_1035_2715_3650,2715,3644.9248048855,2101.37962892527,5188.46998084573
7,5,12,2,p17,Node_1_58_2367_3650,2367,2374.73266624701,848.570526977657,3900.89480551636
7,5,12,2,p17,Node_1_523_1491_3650,1491,1410.41625535329,-117.26689399032,2938.09940469689
7,5,12,2,p17,Node_1_530_2260_3650,2260,1721.3063392906,195.507800809689,3247.1048777715
7,5,12,2,p17,Node_1_640_1616_3650,1616,1389.13309906941,-138.727468356063,2916.99366649487
7,5,12,2,p17,Node_1_1091_2010_3650,2010,2045.12231919089,519.876639029939,3570.36799935184
7,5,12,2,p17,Node_1_111_1624_3650,1624,1393.25601416105,-134.569700707579,2921.08172902967
7,5,13,2,p17,Node_1_140_1061_1825,1061,1800.06295331162,220.946366928173,3379.17953969507
7,5,13,2,p17,Node_1_822_451_1825,451,329.502390452847,-1269.20550798209,1928.21028888778
7,5,13,2,p17,Node_1_812_159_1825,159,37.49320120095,-1568.67814042542,1643.66454282732
7,5,13,2,p17,Node_1_406_1178_1825,1178,37.8360691335355,-1568.32583046599,1643.99796873306
7,5,13,2,p17,Node_1_697_604_1825,604,329.502390452847,-1269.20550798209,1928.21028888778
7,5,13,2,p17,Node_1_1098_1011_1825,1011,1224.61627312246,-358.546814986446,2807.77936123137
7,5,13,2,p17,Node_1_943_1704_1825,1704,1804.29165781351,225.187417559443,3383.39589806757
7,5,13,2,p17,Node_1_217_580_1825,580,919.69239174318,-667.510713193712,2506.89549668007
7,5,13,2,p17,Node_1_1070_1122_1825,1122,910.092089630789,-677.259402152157,2497.44358141374
7,5,13,2,p17,Node_1_1086_743_1825,743,617.740032446306,-974.746044324164,2210.22610921678
7,5,13,2,p17,Node_1_111_1624_3650,1624,2390.82440115626,810.969230512585,3970.67957179994
7,5,13,2,p17,Node_1_533_378_3650,378,622.540183502502,-969.851990103353,2214.93235710836
7,5,13,2,p17,Node_1_58_2367_3650,2367,1801.89158228541,222.780365960629,3381.00279861019
7,5,13,2,p17,Node_1_1230_256_3650,256,38.5218049987064,-1567.62121531108,1644.66482530849
7,5,13,2,p17,Node_1_626_1191_3650,1191,622.42589419164,-969.968511492362,2214.82029987564
7,5,13,2,p17,Node_1_1076_694_3650,694,623.68307661112,-968.686786171638,2216.05293939388
7,5,13,2,p17,Node_1_640_1616_3650,1616,2136.75926311048,557.829832093506,3715.68869412746
7,5,13,2,p17,Node_1_1015_2627_3650,2627,1817.66350718434,238.59663467961,3396.73037968907
7,5,13,2,p17,Node_1_90_1553_3650,1553,1796.63427398577,217.507490634529,3375.761057337
7,5,13,2,p17,Node_1_1211_2769_3650,2769,1196.61539196132,-386.864140149477,2780.09492407212
7,5,13,2,p17,Node_1_523_1491_3650,1491,1829.66388482483,250.628383367079,3408.69938628258
7,5,13,2,p17,Node_1_1091_2010_3650,2010,2103.5010736497,524.624914383642,3682.37723291576
7,5,13,2,p17,Node_1_1103_798_3650,798,1202.21556819355,-381.199790693591,2785.63092708069
7,5,13,2,p17,Node_1_621_398_3650,398,622.42589419164,-969.968511492362,2214.82029987564
7,5,13,2,p17,Node_1_1035_2715_3650,2715,1209.64437339957,-373.686540048664,2792.97528684779
7,5,13,2,p17,Node_1_176_829_3650,829,329.0452332094,-1269.673440902,1927.7639073208
7,5,13,2,p17,Node_1_395_206_3650,206,36.8074653357791,-1569.38276510813,1642.99769577969
7,5,13,2,p17,Node_1_849_1850_3650,1850,2422.59682957584,842.561394739693,4002.63226441199
7,5,13,2,p17,Node_1_530_2260_3650,2260,2514.94259275218,934.301927222751,4095.5832582816
7,5,13,2,p17,Node_1_888_2575_3650,2575,2453.91210075198,873.684979285282,4034.13922221867
7,5,14,2,p17,Node_1_1070_1122_1825,1122,1623.80573167515,98.4674634894297,3149.14399986088
7,5,14,2,p17,Node_1_406_1178_1825,1178,1086.99200238812,-443.142339744654,2617.1263445209
7,5,14,2,p17,Node_1_217_580_1825,580,550.178273101095,-988.661831119519,2089.01837732171
7,5,14,2,p17,Node_1_1086_743_1825,743,545.96066112241,-992.96316526129,2084.88448750611
7,5,14,2,p17,Node_1_943_1704_1825,1704,1613.70307972621,88.3109197349838,3139.09523971744
7,5,14,2,p17,Node_1_140_1061_1825,1061,815.593575759728,-718.456987275887,2349.64413879534
7,5,14,2,p17,Node_1_697_604_1825,604,282.801290452375,-1261.81425244873,1827.41683335348
7,5,14,2,p17,Node_1_812_159_1825,159,18.8572477863063,-1532.38490588047,1570.09940145308
7,5,14,2,p17,Node_1_1098_1011_1825,1011,545.96066112241,-992.96316526129,2084.88448750611
7,5,14,2,p17,Node_1_822_451_1825,451,17.484071793246,-1533.7949408977,1568.76308448419
7,5,14,2,p17,Node_1_1076_694_3650,694,549.785937103077,-989.06194521105,2088.6338194172
7,5,14,2,p17,Node_1_176_829_3650,829,1077.77210643472,-452.478909327064,2608.0231221965
7,5,14,2,p17,Node_1_1103_798_3650,798,550.570609099112,-988.261719082404,2089.40293728063
7,5,14,2,p17,Node_1_530_2260_3650,2260,2177.58799287643,653.061560446063,3702.11442530679
7,5,14,2,p17,Node_1_90_1553_3650,1553,1076.79126643968,-453.472229314049,2607.0547621934
7,5,14,2,p17,Node_1_640_1616_3650,1616,1087.38433838614,-442.745064508093,2617.51374128038
7,5,14,2,p17,Node_1_58_2367_3650,2367,2185.14046083826,660.59600000316,3709.68492167335
7,5,14,2,p17,Node_1_523_1491_3650,1491,2188.4753168214,663.922646217684,3713.02798742512
7,5,14,2,p17,Node_1_395_206_3650,206,18.5629957877934,-1532.68705417316,1569.81304574874
7,5,14,2,p17,Node_1_888_2575_3650,2575,2757.06826194782,1228.88777711048,4285.24874678517
7,5,14,2,p17,Node_1_1230_256_3650,256,283.291710449897,-1261.31237213582,1827.89579303561
7,5,14,2,p17,Node_1_626_1191_3650,1191,812.356803776086,-721.746469151074,2346.46007670325
7,5,14,2,p17,Node_1_533_378_3650,378,546.64724911894,-992.262931898515,2085.55743013639
7,5,14,2,p17,Node_1_111_1624_3650,1624,1346.03184507898,-181.29705724165,2873.36074739961
7,5,14,2,p17,Node_1_621_398_3650,398,283.291710449897,-1261.31237213582,1827.89579303561
7,5,14,2,p17,Node_1_1015_2627_3650,2627,2760.991621928,1232.77075212121,4289.21249173479
7,5,14,2,p17,Node_1_1091_2010_3650,2010,2172.19337290369,647.679338559337,3696.70740724804
7,5,14,2,p17,Node_1_849_1850_3650,1850,-244.10595488472,-1802.85263308813,1314.64072331869
7,5,14,2,p17,Node_1_1035_2715_3650,2715,2747.3579459969,1219.27651184444,4275.43938014936
7,5,14,2,p17,Node_1_1211_2769_3650,2769,3465.85188924529,1926.99135758649,5004.7124209041
7,5,15,2,p17,Node_1_140_1061_1825,1061,982.097914532156,-490.117645155454,2454.31347421977
7,5,15,2,p17,Node_1_1070_1122_1825,1122,1816.06391093135,350.529543329657,3281.59827853304
7,5,15,2,p17,Node_1_217_580_1825,580,481.081893199055,-999.508080937965,1961.67186733608
7,5,15,2,p17,Node_1_943_1704_1825,1704,2000.29176433813,534.99890325025,3465.58462542602
7,5,15,2,p17,Node_1_406_1178_1825,1178,1494.00012720293,26.9683819102206,2961.03187249564
7,5,15,2,p17,Node_1_1086_743_1825,743,733.725272166457,-742.236652771951,2209.68719710486
7,5,15,2,p17,Node_1_822_451_1825,451,231.201932032755,-1254.76872090606,1717.17258497157
7,5,15,2,p17,Node_1_812_159_1825,159,230.699492432555,-1255.2827786516,1716.68176351671
7,5,15,2,p17,Node_1_1098_1011_1825,1011,735.483810767159,-740.448780837942,2211.41640237226
7,5,15,2,p17,Node_1_697_604_1825,604,1879.45504048996,414.054318592629,3344.85576238728
7,5,15,2,p17,Node_1_1103_798_3650,798,730.040715098321,-745.982799667283,2206.06422986393
7,5,15,2,p17,Node_1_1230_256_3650,256,729.789495298221,-746.238225158294,2205.81721575474
7,5,15,2,p17,Node_1_395_206_3650,206,990.639387735562,-481.461581745148,2462.74035721627
7,5,15,2,p17,Node_1_111_1624_3650,1624,1751.66790217234,285.943487836234,3217.39231650844
7,5,15,2,p17,Node_1_176_829_3650,829,1501.3692413392,34.3870277876026,2968.3514548908
7,5,15,2,p17,Node_1_1015_2627_3650,2627,2551.719225558,1084.47330524723,4018.96514586877
7,5,15,2,p17,Node_1_621_398_3650,398,481.249373065789,-999.337261693184,1961.83600782476
7,5,15,2,p17,Node_1_1035_2715_3650,2715,3147.6125913956,1673.76619655559,4621.45898623561
7,5,15,2,p17,Node_1_58_2367_3650,2367,2829.73580433552,1359.98809520869,4299.48351346235
7,5,15,2,p17,Node_1_533_378_3650,378,231.118192099388,-1254.85439697511,1717.09078117389
7,5,15,2,p17,Node_1_1076_694_3650,694,990.806867602295,-481.291864504295,2462.90559970888
7,5,15,2,p17,Node_1_626_1191_3650,1191,1763.47523277704,297.789759561931,3229.16070599216
7,5,15,2,p17,Node_1_888_2575_3650,2575,2035.04383668532,569.746311472102,3500.34136189855
7,5,15,2,p17,Node_1_523_1491_3650,1491,732.971612766156,-743.002895827665,2208.94612135998
7,5,15,2,p17,Node_1_640_1616_3650,1616,983.27027359929,-488.929501798675,2455.47004899726
7,5,15,2,p17,Node_1_530_2260_3650,2260,1939.747792514,474.424979014281,3405.07060601371
7,5,15,2,p17,Node_1_90_1553_3650,1553,1241.35674823553,-227.804605638101,2710.51810210916
7,5,15,2,p17,Node_1_849_1850_3650,1850,2845.56265174183,1375.64205262,4315.48325086366
7,5,15,2,p17,Node_1_1211_2769_3650,2769,3061.69541976134,1589.08658225025,4534.30425727243
7,5,15,2,p17,Node_1_1091_2010_3650,2010,1241.27300830216,-227.889190236115,2710.43520684044
7,5,16,2,p17,Node_1_217_580_1825,580,461.096333206403,-870.598550891131,1792.79121730394
7,5,16,2,p17,Node_1_812_159_1825,159,204.76892966339,-1131.95708441184,1541.49494373862
7,5,16,2,p17,Node_1_140_1061_1825,1061,972.578017164085,-351.341873706325,2296.49790803449
7,5,16,2,p17,Node_1_697_604_1825,604,716.152853360376,-611.285431016272,2043.59113773703
7,5,16,2,p17,Node_1_822_451_1825,451,205.159970706171,-1131.55779710319,1541.87773851553
7,5,16,2,p17,Node_1_406_1178_1825,1178,1783.98818093487,466.112838732959,3101.86352313679
7,5,16,2,p17,Node_1_943_1704_1825,1704,1239.1702480801,-81.9073370108829,2560.24783317109
7,5,16,2,p17,Node_1_1070_1122_1825,1122,1512.80121776618,193.770779193734,2831.83165633862
7,5,16,2,p17,Node_1_1098_1011_1825,1011,978.834673848583,-345.008960289634,2302.6783079868
7,5,16,2,p17,Node_1_1086_743_1825,743,461.976175552661,-869.702735259478,1793.6550863648
7,5,16,2,p17,Node_1_621_398_3650,398,718.010298313587,-609.399748383868,2045.42034501104
7,5,16,2,p17,Node_1_1076_694_3650,694,717.912538052892,-609.498993839844,2045.32406994563
7,5,16,2,p17,Node_1_1211_2769_3650,2769,3330.94654617691,2003.01394956402,4658.87914278981
7,5,16,2,p17,Node_1_533_378_3650,378,717.032695706634,-610.392207935483,2044.45759934875
7,5,16,2,p17,Node_1_111_1624_3650,1624,1737.45429684392,419.442693346952,3055.46590034089
7,5,16,2,p17,Node_1_626_1191_3650,1191,978.443632805801,-345.404753959343,2302.29201957094
7,5,16,2,p17,Node_1_530_2260_3650,2260,2038.94694082815,721.362170556378,3356.53171109992
7,5,16,2,p17,Node_1_395_206_3650,206,205.257730966866,-1131.4579755476,1541.97343748133
7,5,16,2,p17,Node_1_90_1553_3650,1553,722.70279082696,-604.63609695932,2050.04167861324
7,5,16,2,p17,Node_1_58_2367_3650,2367,3739.68219614386,2404.41575511592,5074.9486371718
7,5,16,2,p17,Node_1_1015_2627_3650,2627,1504.98039691056,185.903726367749,2824.05706745336
7,5,16,2,p17,Node_1_176_829_3650,829,204.671169402695,-1132.05690651058,1541.39924531597
7,5,16,2,p17,Node_1_1103_798_3650,798,204.475648881304,-1132.25655103393,1541.20784879654
7,5,16,2,p17,Node_1_1035_2715_3650,2715,3129.46264888395,1804.43443108989,4454.49086667801
7,5,16,2,p17,Node_1_888_2575_3650,2575,2889.85224991983,1567.66112728269,4212.04337255697
7,5,16,2,p17,Node_1_849_1850_3650,1850,1786.52994771295,468.661308657989,3104.39858676791
7,5,16,2,p17,Node_1_523_1491_3650,1491,1539.88080997877,221.00485897897,2858.75676097857
7,5,16,2,p17,Node_1_1230_256_3650,256,81.4932409266481,-1257.91887806917,1420.90535992247
7,5,16,2,p17,Node_1_640_1616_3650,1616,333.421432738373,-1000.68552623022,1667.52839170697
7,5,16,2,p17,Node_1_1091_2010_3650,2010,1657.1931228131,338.886168328941,2975.50007729726
7,5,17,2,p17,Node_1_943_1704_1825,1704,1781.33519344085,360.489653893389,3202.1807329883
7,5,17,2,p17,Node_1_1070_1122_1825,1122,762.746646752516,-667.650703392484,2193.14399689752
7,5,17,2,p17,Node_1_217_580_1825,580,1255.68026666675,-168.449905374535,2679.81043870803
7,5,17,2,p17,Node_1_812_159_1825,159,200.693861785981,-1240.56023839018,1641.94796196214
7,5,17,2,p17,Node_1_822_451_1825,451,719.271427244884,-711.825464614867,2150.36831910463
7,5,17,2,p17,Node_1_1098_1011_1825,1011,1258.07002503292,-166.037250811328,2682.17730087716
7,5,17,2,p17,Node_1_406_1178_1825,1178,1000.25186283649,-426.7429366674,2427.24666234039
7,5,17,2,p17,Node_1_140_1061_1825,1061,721.201616694483,-709.86371525537,2152.26694864434
7,5,17,2,p17,Node_1_1086_743_1825,743,460.809868565261,-974.932879745622,1896.55261687614
7,5,17,2,p17,Node_1_697_604_1825,604,-53.7234904278156,-1501.17009882537,1393.72311796974
7,5,17,2,p17,Node_1_523_1491_3650,1491,2068.74959386445,648.20728374271,3489.2919039862
7,5,17,2,p17,Node_1_58_2367_3650,2367,2350.64916728921,929.377666278151,3771.92066830026
7,5,17,2,p17,Node_1_1103_798_3650,798,979.663175374106,-447.598464070763,2406.92481481897
7,5,17,2,p17,Node_1_640_1616_3650,1616,2082.07709244502,661.523200406757,3502.63098448328
7,5,17,2,p17,Node_1_1091_2010_3650,2010,2375.46588878405,954.08154009804,3796.85023747006
7,5,17,2,p17,Node_1_395_206_3650,206,462.188575314974,-973.527186799353,1897.9043374293
7,5,17,2,p17,Node_1_533_378_3650,378,460.534127215318,-975.21402116189,1896.28227559253
7,5,17,2,p17,Node_1_1035_2715_3650,2715,4216.2232272182,2764.82730453893,5667.61914989746
7,5,17,2,p17,Node_1_90_1553_3650,1553,1254.66921505029,-169.470665676259,2678.80909577684
7,5,17,2,p17,Node_1_888_2575_3650,2575,3466.20675537405,2032.13887988367,4900.27463086444
7,5,17,2,p17,Node_1_111_1624_3650,1624,2055.78975041715,635.256523094973,3476.32297773932
7,5,17,2,p17,Node_1_626_1191_3650,1191,986.005226422788,-441.173646712242,2413.18409955782
7,5,17,2,p17,Node_1_1211_2769_3650,2769,2594.12877928861,1171.41035198932,4016.8472065879
7,5,17,2,p17,Node_1_849_1850_3650,1850,1527.19358257699,105.20002001612,2949.18714513786
7,5,17,2,p17,Node_1_530_2260_3650,2260,2345.50199542361,924.252914699846,3766.75107614737
7,5,17,2,p17,Node_1_1230_256_3650,256,460.442213432004,-975.307735176716,1896.19216204072
7,5,17,2,p17,Node_1_1076_694_3650,694,1249.43012940138,-174.760267874911,2673.62052667767
7,5,17,2,p17,Node_1_1015_2627_3650,2627,3254.16165726812,1823.73409821817,4684.58921631807
7,5,17,2,p17,Node_1_176_829_3650,829,723.407547494025,-707.621773083192,2154.43686807124
7,5,17,2,p17,Node_1_621_398_3650,398,723.499461277339,-707.528360147744,2154.52728270242
7,5,18,2,p17,Node_1_1098_1011_1825,1011,694.329905859287,-1011.02613021165,2399.68594193023
7,5,18,2,p17,Node_1_140_1061_1825,1061,1433.11136508958,-261.66443518772,3127.88716536688
7,5,18,2,p17,Node_1_943_1704_1825,1704,2200.38720037714,507.840686237423,3892.93371451685
7,5,18,2,p17,Node_1_822_451_1825,451,331.803730476121,-1381.72820687389,2045.33566782613
7,5,18,2,p17,Node_1_1070_1122_1825,1122,1821.28247892429,128.755234293714,3513.80972355486
7,5,18,2,p17,Node_1_406_1178_1825,1178,330.508531564427,-1383.05609299746,2044.07315612631
7,5,18,2,p17,Node_1_697_604_1825,604,697.826942920862,-1007.4597168758,2403.11360271752
7,5,18,2,p17,Node_1_217_580_1825,580,-34.8670814244661,-1758.63079138622,1688.89662853728
7,5,18,2,p17,Node_1_812_159_1825,159,331.415170802613,-1382.12657012462,2044.95691172985
7,5,18,2,p17,Node_1_1086_743_1825,743,1070.45566981524,-628.486734752692,2769.39807438318
7,5,18,2,p17,Node_1_111_1624_3650,1624,2910.54476365899,1212.07740867698,4609.01211864099
7,5,18,2,p17,Node_1_90_1553_3650,1553,1065.40439405963,-633.610074278622,2764.41886239789
7,5,18,2,p17,Node_1_176_829_3650,829,1069.03095101238,-629.931740316909,2767.99364234166
7,5,18,2,p17,Node_1_1230_256_3650,256,695.366064988643,-1009.96939615701,2400.70152613429
7,5,18,2,p17,Node_1_888_2575_3650,2575,1930.20870739776,237.900221126811,3622.5171936687
7,5,18,2,p17,Node_1_640_1616_3650,1616,1062.1663967804,-636.894468439357,2761.22726200016
7,5,18,2,p17,Node_1_626_1191_3650,1191,696.143184335659,-1009.17685611149,2401.46322478281
7,5,18,2,p17,Node_1_621_398_3650,398,695.236545097473,-1010.10148703923,2400.57457723417
7,5,18,2,p17,Node_1_1091_2010_3650,2010,3001.98580682459,1302.20126001593,4701.77035363325
7,5,18,2,p17,Node_1_395_206_3650,206,329.86093210858,-1383.72004529596,2043.44190951312
7,5,18,2,p17,Node_1_1015_2627_3650,2627,2597.10662702903,902.196016261623,4292.01723779643
7,5,18,2,p17,Node_1_533_378_3650,378,696.661263900337,-1008.64850107912,2401.9710288798
7,5,18,2,p17,Node_1_1076_694_3650,694,331.803730476122,-1381.72820687389,2045.33566782613
7,5,18,2,p17,Node_1_849_1850_3650,1850,711.685571275989,-993.327944765863,2416.69908731784
7,5,18,2,p17,Node_1_1103_798_3650,798,706.763815411551,-998.346377230293,2411.8740080534
7,5,18,2,p17,Node_1_1211_2769_3650,2769,2217.74286579384,525.143032450691,3910.34269913698
7,5,18,2,p17,Node_1_1035_2715_3650,2715,2227.06829795803,534.437920109759,3919.69867580631
7,5,18,2,p17,Node_1_523_1491_3650,1491,332.451329931969,-1381.06427304916,2045.9669329131
7,5,18,2,p17,Node_1_58_2367_3650,2367,2226.42069850219,533.792484607631,3919.04891239674
7,5,18,2,p17,Node_1_530_2260_3650,2260,1109.82971673074,-588.564139778345,2808.22357323983
7,5,19,2,p17,Node_1_1070_1122_1825,1122,2172.96538054104,581.883271745511,3764.04748933657
7,5,19,2,p17,Node_1_943_1704_1825,1704,1839.92561142058,248.838470306876,3431.01275253428
7,5,19,2,p17,Node_1_1086_743_1825,743,864.019934201031,-736.207833098652,2464.24770150072
7,5,19,2,p17,Node_1_697_604_1825,604,247.167290029748,-1365.77013990055,1860.10471996005
7,5,19,2,p17,Node_1_1098_1011_1825,1011,564.459119104236,-1041.27874432789,2170.19698253636
7,5,19,2,p17,Node_1_217_580_1825,580,246.584032991009,-1366.36791218025,1859.53597816227
7,5,19,2,p17,Node_1_812_159_1825,159,-64.0586658418446,-1685.40284711666,1557.28551543297
7,5,19,2,p17,Node_1_140_1061_1825,1061,1180.02859779029,-415.75609608322,2775.8132916638
7,5,19,2,p17,Node_1_822_451_1825,451,1507.3524479311,-85.3249195347748,3100.02981539698
7,5,19,2,p17,Node_1_406_1178_1825,1178,608.900834771343,-995.940232863712,2213.7419024064
7,5,19,2,p17,Node_1_621_398_3650,398,245.884124544521,-1367.08524509072,1858.85349417976
7,5,19,2,p17,Node_1_58_2367_3650,2367,871.135670073658,-728.976527004556,2471.24786715187
7,5,19,2,p17,Node_1_626_1191_3650,1191,873.235395413121,-726.842835237705,2473.31362606395
7,5,19,2,p17,Node_1_1076_694_3650,694,557.460034639357,-1048.42157445793,2163.34164373664
7,5,19,2,p17,Node_1_1091_2010_3650,2010,1834.32634384867,243.225533135126,3425.42715456222
7,5,19,2,p17,Node_1_1230_256_3650,256,-63.2421059876087,-1684.5625054658,1558.07829349059
7,5,19,2,p17,Node_1_888_2575_3650,2575,3626.20861826529,2016.65694871658,5235.760287814
7,5,19,2,p17,Node_1_1211_2769_3650,2769,2796.11720073071,1200.78112512017,4391.45327634126
7,5,19,2,p17,Node_1_1035_2715_3650,2715,1504.55281414515,-88.1446534878312,3097.25028177814
7,5,19,2,p17,Node_1_533_378_3650,378,-63.8253630263487,-1685.16274858099,1557.51202252829
7,5,19,2,p17,Node_1_640_1616_3650,1616,245.650821729024,-1367.32435755776,1858.62600101581
7,5,19,2,p17,Node_1_111_1624_3650,1624,1185.86116817769,-409.854813825628,2781.57715018101
7,5,19,2,p17,Node_1_176_829_3650,829,558.276594493593,-1047.58820910208,2164.14139808926
7,5,19,2,p17,Node_1_395_206_3650,206,-64.5252714728366,-1685.88304639871,1556.83250345303
7,5,19,2,p17,Node_1_530_2260_3650,2260,3862.89432458593,2247.52948169911,5478.25916747275
7,5,19,2,p17,Node_1_1103_798_3650,798,1187.72759070166,-407.966505533584,2783.4216869369
7,5,19,2,p17,Node_1_849_1850_3650,1850,871.252321481406,-728.857986943947,2471.36262990676
7,5,19,2,p17,Node_1_523_1491_3650,1491,556.526823377373,-1049.37400338335,2162.4276501381
7,5,19,2,p17,Node_1_90_1553_3650,1553,1182.94488298399,-412.805394569251,2778.69516053723
7,5,19,2,p17,Node_1_1015_2627_3650,2627,2480.69179418019,888.202228908856,4073.18135945153
7,5,20,2,p17,Node_1_943_1704_1825,1704,1455.65751313175,-277.167066785378,3188.48209304887
7,5,20,2,p17,Node_1_1086_743_1825,743,706.962593878803,-1036.62322547068,2450.54841322829
7,5,20,2,p17,Node_1_140_1061_1825,1061,348.64244598976,-1403.12691386084,2100.41180584036
7,5,20,2,p17,Node_1_812_159_1825,159,-18.9881734479966,-1781.15802945044,1743.18168255445
7,5,20,2,p17,Node_1_1070_1122_1825,1122,1073.92817963451,-663.304231128225,2811.16059039724
7,5,20,2,p17,Node_1_1098_1011_1825,1011,1449.00717631124,-283.874876674543,3181.88922929702
7,5,20,2,p17,Node_1_406_1178_1825,1178,2196.50503493649,465.773975253552,3927.23609461942
7,5,20,2,p17,Node_1_697_604_1825,604,343.987210215403,-1407.90122623688,2095.87564666769
7,5,20,2,p17,Node_1_217_580_1825,580,345.849304525146,-1405.99146221457,2097.69007126487
7,5,20,2,p17,Node_1_822_451_1825,451,-19.1211801844062,-1781.29516230897,1743.05280194015
7,5,20,2,p17,Node_1_90_1553_3650,1553,1444.35194053688,-288.570752085035,3177.27463315879
7,5,20,2,p17,Node_1_1211_2769_3650,2769,1069.00693038733,-668.297005362988,2806.31086613765
7,5,20,2,p17,Node_1_640_1616_3650,1616,1437.56859697996,-295.413915570718,3170.55110953064
7,5,20,2,p17,Node_1_626_1191_3650,1191,1441.9578192815,-290.985904706491,3174.90154326948
7,5,20,2,p17,Node_1_1230_256_3650,256,-17.9241195567159,-1780.06097598361,1744.21273687018
7,5,20,2,p17,Node_1_1015_2627_3650,2627,3338.10185354512,1593.90423917086,5082.29946791938
7,5,20,2,p17,Node_1_849_1850_3650,1850,2209.80570857751,479.034089718172,3940.57732743684
7,5,20,2,p17,Node_1_530_2260_3650,2260,3043.75794586938,1304.95584191731,4782.56004982145
7,5,20,2,p17,Node_1_111_1624_3650,1624,348.64244598976,-1403.12691386084,2100.41180584036
7,5,20,2,p17,Node_1_533_378_3650,378,-18.9881734479966,-1781.15802945044,1743.18168255445
7,5,20,2,p17,Node_1_58_2367_3650,2367,4510.15721479169,2731.55733757395,6288.75709200943
7,5,20,2,p17,Node_1_176_829_3650,829,2565.33271500194,832.456397451894,4298.20903255198
7,5,20,2,p17,Node_1_1091_2010_3650,2010,1449.8052167297,-283.069903237827,3182.68033669722
7,5,20,2,p17,Node_1_395_206_3650,206,711.883843125981,-1031.60314296494,2455.3708292169
7,5,20,2,p17,Node_1_523_1491_3650,1491,3349.80644634922,1605.36692802463,5094.24596467381
7,5,20,2,p17,Node_1_1103_798_3650,798,343.987210215403,-1407.90122623688,2095.87564666769
7,5,20,2,p17,Node_1_1076_694_3650,694,1078.31740193605,-658.851531067765,2815.48633493986
7,5,20,2,p17,Node_1_1035_2715_3650,2715,5123.31826964265,3318.78327089969,6927.85326838561
7,5,20,2,p17,Node_1_888_2575_3650,2575,3817.59113830385,2061.78720378508,5573.39507282261
7,5,20,2,p17,Node_1_621_398_3650,398,342.657142851302,-1409.26537528831,2094.57966099092
7,5,21,2,p17,Node_1_1098_1011_1825,1011,278.683583627062,-1320.46897101457,1877.83613826869
7,5,21,2,p17,Node_1_812_159_1825,159,-14.406762706922,-1621.25122259459,1592.43769718075
7,5,21,2,p17,Node_1_1086_743_1825,743,279.676736156056,-1319.45173973464,1878.80521204675
7,5,21,2,p17,Node_1_697_604_1825,604,1173.95541337391,-409.025378058931,2756.93620480674
7,5,21,2,p17,Node_1_217_580_1825,580,1170.64490494393,-412.375068307908,2753.66487819577
7,5,21,2,p17,Node_1_1070_1122_1825,1122,873.912999336969,-713.244348864515,2461.07034753845
7,5,21,2,p17,Node_1_943_1704_1825,1704,2390.45691110954,811.364785193487,3969.5490370256
7,5,21,2,p17,Node_1_822_451_1825,451,574.643037267027,-1017.93288154338,2167.21895607744
7,5,21,2,p17,Node_1_140_1061_1825,1061,1018.69256800797,-566.291772261969,2603.67690827792
7,5,21,2,p17,Node_1_406_1178_1825,1178,1475.54273134483,-104.517399624508,3055.60286231417
7,5,21,2,p17,Node_1_849_1850_3650,1850,2096.15271168456,518.046769426146,3674.25865394298
7,5,21,2,p17,Node_1_1230_256_3650,256,575.967240639018,-1016.58196405516,2168.51644533319
7,5,21,2,p17,Node_1_1076_694_3650,694,575.305138953023,-1017.25741976781,2167.86769767385
7,5,21,2,p17,Node_1_1015_2627_3650,2627,3023.31577264019,1437.94833981198,4608.6832054684
7,5,21,2,p17,Node_1_888_2575_3650,2575,4036.33135221322,2429.2911077744,5643.37159665205
7,5,21,2,p17,Node_1_1035_2715_3650,2715,1774.48164257178,196.045676853144,3352.91760829041
7,5,21,2,p17,Node_1_1091_2010_3650,2010,3421.68028704745,1829.47890475658,5013.88166933832
7,5,21,2,p17,Node_1_533_378_3650,378,-14.5171129879213,-1621.36468783701,1592.33046186116
7,5,21,2,p17,Node_1_395_206_3650,206,-14.406762706922,-1621.25122259459,1592.43769718075
7,5,21,2,p17,Node_1_523_1491_3650,1491,572.325681366043,-1020.29704550119,2164.94840823328
7,5,21,2,p17,Node_1_626_1191_3650,1191,873.030197088975,-714.141300770894,2460.20169494884
7,5,21,2,p17,Node_1_640_1616_3650,1616,577.070743449011,-1015.45621800764,2169.59770490566
7,5,21,2,p17,Node_1_1211_2769_3650,2769,3298.86042429529,1709.00162401902,4888.71922457157
7,5,21,2,p17,Node_1_58_2367_3650,2367,2433.82457154224,854.483173126271,4013.16596995821
7,5,21,2,p17,Node_1_111_1624_3650,1624,1904.58462386988,326.459262224363,3482.7099855154
7,5,21,2,p17,Node_1_176_829_3650,829,1475.54273134483,-104.517399624508,3055.60286231417
7,5,21,2,p17,Node_1_90_1553_3650,1553,1475.43238106383,-104.628583398624,3055.49334552629
7,5,21,2,p17,Node_1_530_2260_3650,2260,2095.38025971757,517.275286655591,3673.48523277955
7,5,21,2,p17,Node_1_1103_798_3650,798,1166.12054342296,-416.953227899581,2749.1943147455
7,5,21,2,p17,Node_1_621_398_3650,398,875.347552989959,-711.786825241029,2462.48193122095
7,5,22,2,p17,Node_1_697_604_1825,604,342.862472548627,-937.261489411498,1622.98643450875
7,5,22,2,p17,Node_1_943_1704_1825,1704,610.542712387734,-664.962744638338,1886.04816941381
7,5,22,2,p17,Node_1_1098_1011_1825,1011,73.9464929659443,-1211.60914266952,1359.50212860141
7,5,22,2,p17,Node_1_822_451_1825,451,1156.92979285477,-111.623603630794,2425.48318934034
7,5,22,2,p17,Node_1_1086_743_1825,743,1425.46554482405,159.097892370843,2691.83319727726
7,5,22,2,p17,Node_1_1070_1122_1825,1122,878.032838420137,-393.65152193402,2149.71719877429
7,5,22,2,p17,Node_1_406_1178_1825,1178,1988.39252647433,723.950646111699,3252.83440683696
7,5,22,2,p17,Node_1_217_580_1825,580,1698.18380054081,433.199222295032,2963.16837878659
7,5,22,2,p17,Node_1_812_159_1825,159,617.291752525722,-658.107499295029,1892.69100434647
7,5,22,2,p17,Node_1_140_1061_1825,1061,849.740412952208,-422.31033670167,2121.79116260609
7,5,22,2,p17,Node_1_1091_2010_3650,2010,1698.46897125087,433.48539682902,2963.45254567271
7,5,22,2,p17,Node_1_533_378_3650,378,614.72521613522,-660.714364014708,1890.16479628515
7,5,22,2,p17,Node_1_849_1850_3650,1850,1146.85376109947,-121.797510940595,2415.50503313953
7,5,22,2,p17,Node_1_626_1191_3650,1191,1710.92142558997,445.980782608851,2975.86206857109
7,5,22,2,p17,Node_1_640_1616_3650,1616,2576.31947370618,1310.03830750034,3842.60063991201
7,5,22,2,p17,Node_1_395_206_3650,206,342.577301838571,-937.552001386579,1622.70660506372
7,5,22,2,p17,Node_1_621_398_3650,398,611.017996904493,-664.479964336468,1886.51595814545
7,5,22,2,p17,Node_1_530_2260_3650,2260,1983.44956750003,719.006472200954,3247.8926627991
7,5,22,2,p17,Node_1_1211_2769_3650,2769,2810.63474046875,1542.52672732095,4078.74275361654
7,5,22,2,p17,Node_1_1230_256_3650,256,73.6613222558884,-1211.90049121708,1359.22313572885
7,5,22,2,p17,Node_1_58_2367_3650,2367,3160.729315514,1888.73783560278,4432.72079542522
7,5,22,2,p17,Node_1_1015_2627_3650,2627,1430.69367450841,164.360474614554,2697.02687440226
7,5,22,2,p17,Node_1_1103_798_3650,798,341.436618998347,-938.714058213263,1621.58729620996
7,5,22,2,p17,Node_1_90_1553_3650,1553,1155.21876859444,-113.351167552472,2423.78870474135
7,5,22,2,p17,Node_1_888_2575_3650,2575,3764.72087941232,2482.81599018452,5046.62576864013
7,5,22,2,p17,Node_1_1035_2715_3650,2715,2818.61952035031,1550.43831389408,4086.80072680654
7,5,22,2,p17,Node_1_523_1491_3650,1491,1160.35184137544,-108.168574857984,2428.87225760887
7,5,22,2,p17,Node_1_1076_694_3650,694,884.116480234662,-387.49026698282,2155.72322745214
7,5,22,2,p17,Node_1_176_829_3650,829,343.622927775442,-936.486795175421,1623.73265072631
7,5,22,2,p17,Node_1_111_1624_3650,1624,850.500868179024,-421.53991636916,2122.54165272721
7,5,23,2,p17,Node_1_822_451_1825,451,413.863112208617,-956.054005470815,1783.78022988805
7,5,23,2,p17,Node_1_943_1704_1825,1704,696.159431218876,-668.801887750012,2061.12075018776
7,5,23,2,p17,Node_1_140_1061_1825,1061,698.090762933883,-666.839912372309,2063.02143824008
7,5,23,2,p17,Node_1_406_1178_1825,1178,707.532829096142,-657.248673074924,2072.31433126721
7,5,23,2,p17,Node_1_217_580_1825,580,698.734540172219,-666.185930463711,2063.65501080815
7,5,23,2,p17,Node_1_812_159_1825,159,129.635461483351,-1246.22078425331,1505.49170722001
7,5,23,2,p17,Node_1_1070_1122_1825,1122,990.043740519179,-370.76782746508,2350.85530850344
7,5,23,2,p17,Node_1_1086_743_1825,743,2139.82988818696,785.212554375691,3494.44722199823
7,5,23,2,p17,Node_1_1098_1011_1825,1011,1572.44754880032,216.782821624065,2928.11227597658
7,5,23,2,p17,Node_1_697_604_1825,604,698.090762933883,-666.839912372309,2063.02143824008
7,5,23,2,p17,Node_1_533_378_3650,378,1274.59327986361,-83.1903627811246,2632.37692250835
7,5,23,2,p17,Node_1_640_1616_3650,1616,1272.55465194222,-85.2472028215548,2630.35650670599
7,5,23,2,p17,Node_1_1103_798_3650,798,988.219705010561,-372.614423034308,2349.05383305543
7,5,23,2,p17,Node_1_90_1553_3650,1553,1576.52480464312,220.881601545962,2932.16800774027
7,5,23,2,p17,Node_1_1230_256_3650,256,129.635461483351,-1246.22078425331,1505.49170722001
7,5,23,2,p17,Node_1_111_1624_3650,1624,989.292667074454,-371.528185498098,2350.11351964701
7,5,23,2,p17,Node_1_58_2367_3650,2367,1869.65804049869,515.031621988398,3224.28445900899
7,5,23,2,p17,Node_1_1076_694_3650,694,414.828778066121,-955.069778799972,1784.72733493221
7,5,23,2,p17,Node_1_523_1491_3650,1491,2171.16038045264,816.486475796797,3525.83428510848
7,5,23,2,p17,Node_1_395_206_3650,206,415.150666685289,-954.741705687246,1785.04303905782
7,5,23,2,p17,Node_1_1091_2010_3650,2010,990.04374051918,-370.76782746508,2350.85530850344
7,5,23,2,p17,Node_1_626_1191_3650,1191,413.219334970281,-956.710162695099,1783.14883263566
7,5,23,2,p17,Node_1_888_2575_3650,2575,2762.57707007048,1404.5926653037,4120.56147483727
7,5,23,2,p17,Node_1_1211_2769_3650,2769,3031.35406707569,1670.46319359856,4392.24494055281
7,5,23,2,p17,Node_1_1015_2627_3650,2627,2722.87747370644,1365.24835112799,4080.50659628489
7,5,23,2,p17,Node_1_1035_2715_3650,2715,2436.61119505978,1080.97776473819,3792.24462538136
7,5,23,2,p17,Node_1_530_2260_3650,2260,2453.56399566929,1097.84012683668,3809.28786450189
7,5,23,2,p17,Node_1_176_829_3650,829,127.489537355564,-1248.41514230967,1503.3942170208
7,5,23,2,p17,Node_1_849_1850_3650,1850,2467.29791008712,1111.49821027717,3823.09760989706
7,5,23,2,p17,Node_1_621_398_3650,398,413.112038763892,-956.81952270772,1783.0436002355
7,5,24,2,p17,Node_1_1086_743_1825,743,487.010115263178,-824.811310521909,1798.83154104827
7,5,24,2,p17,Node_1_697_604_1825,604,740.170591826049,-567.559449881123,2047.90063353322
7,5,24,2,p17,Node_1_217_580_1825,580,1252.66163042194,-49.0373375534348,2554.36059839731
7,5,24,2,p17,Node_1_406_1178_1825,1178,485.98176768482,-825.857764380933,1797.82129975057
7,5,24,2,p17,Node_1_812_159_1825,159,486.075253828307,-825.762631716409,1797.91313937302
7,5,24,2,p17,Node_1_943_1704_1825,1704,1249.76355997384,-51.9609772311187,2551.4880971788
7,5,24,2,p17,Node_1_822_451_1825,451,1000.90344601137,-303.3796583997,2305.18655042244
7,5,24,2,p17,Node_1_1070_1122_1825,1122,2318.40366617405,1019.46736434849,3617.33996799962
7,5,24,2,p17,Node_1_1098_1011_1825,1011,1517.88181949463,218.109506479621,2817.65413250965
7,5,24,2,p17,Node_1_140_1061_1825,1061,838.798473204864,-467.535833751365,2145.13278016109
7,5,24,2,p17,Node_1_58_2367_3650,2367,4249.4534460421,2922.01354488589,5576.89334719832
7,5,24,2,p17,Node_1_1035_2715_3650,2715,2286.71186353195,987.884887106577,3585.53883995733
7,5,24,2,p17,Node_1_1211_2769_3650,2769,3080.87665245425,1775.78518763835,4385.96811727016
7,5,24,2,p17,Node_1_888_2575_3650,2575,2285.59002981011,986.766708280423,3584.41335133979
7,5,24,2,p17,Node_1_90_1553_3650,1553,1510.02898344172,210.211389558024,2809.84657732542
7,5,24,2,p17,Node_1_1015_2627_3650,2627,2589.70045457341,1289.3485904769,3890.05231866992
7,5,24,2,p17,Node_1_621_398_3650,398,995.85519426307,-308.487221664737,2300.19761019088
7,5,24,2,p17,Node_1_176_829_3650,829,486.168739971794,-825.667499150987,1798.00497909458
7,5,24,2,p17,Node_1_533_378_3650,378,487.851490554561,-823.955129920506,1799.65811102963
7,5,24,2,p17,Node_1_395_206_3650,206,739.235730391179,-568.508074318396,2046.97953510075
7,5,24,2,p17,Node_1_1230_256_3650,256,739.796647252101,-567.938898455567,2047.53219295977
7,5,24,2,p17,Node_1_523_1491_3650,1491,1520.3124592253,220.554016019575,2820.07090243102
7,5,24,2,p17,Node_1_1103_798_3650,798,738.113896669335,-569.646436847985,2045.87423018665
7,5,24,2,p17,Node_1_1091_2010_3650,2010,2299.3324929027,1000.46338572835,3598.20160007705
7,5,24,2,p17,Node_1_626_1191_3650,1191,1788.52420488958,489.872670752017,3087.17573902714
7,5,24,2,p17,Node_1_640_1616_3650,1616,2594.0943033173,1293.71245283443,3894.47615380017
7,5,24,2,p17,Node_1_530_2260_3650,2260,3146.69089746912,1840.75251483808,4452.62928010016
7,5,24,2,p17,Node_1_1076_694_3650,694,741.666370121842,-566.041671589979,2049.37441183366
7,5,24,2,p17,Node_1_111_1624_3650,1624,1869.29623286237,570.813388915529,3167.77907680922
7,5,24,2,p17,Node_1_849_1850_3650,1850,742.227286982765,-565.472511333717,2049.92708529925
7,5,25,2,p17,Node_1_1098_1011_1825,1011,549.8462150785,-1060.76162672082,2160.45405687782
7,5,25,2,p17,Node_1_140_1061_1825,1061,830.153920489509,-775.187798097487,2435.49563907651
7,5,25,2,p17,Node_1_406_1178_1825,1178,272.284701323021,-1344.61903091586,1889.1884335619
7,5,25,2,p17,Node_1_697_604_1825,604,1132.03884605112,-468.871108806728,2732.94880090897
7,5,25,2,p17,Node_1_1070_1122_1825,1122,832.998190418452,-772.295756146438,2438.29213698334
7,5,25,2,p17,Node_1_822_451_1825,451,271.303918588903,-1345.62395414129,1888.2317913191
7,5,25,2,p17,Node_1_1086_743_1825,743,548.865432344381,-1061.76276887188,2159.49363356065
7,5,25,2,p17,Node_1_812_159_1825,159,-5.96336034634022,-1630.24598147679,1618.31926078411
7,5,25,2,p17,Node_1_943_1704_1825,1704,1975.90431048651,380.485221663467,3571.32339930954
7,5,25,2,p17,Node_1_217_580_1825,580,271.303918588903,-1345.62395414129,1888.2317913191
7,5,25,2,p17,Node_1_1035_2715_3650,2715,3188.64216122378,1583.23650630104,4794.04781614653
7,5,25,2,p17,Node_1_111_1624_3650,1624,1680.19831614984,84.0167859116018,3276.37984638808
7,5,25,2,p17,Node_1_888_2575_3650,2575,1411.95423836848,-186.004305302014,3009.91278203898
7,5,25,2,p17,Node_1_1076_694_3650,694,553.377032921325,-1057.15762624006,2163.91169208271
7,5,25,2,p17,Node_1_523_1491_3650,1491,553.278954647914,-1057.25773501282,2163.81564430864
7,5,25,2,p17,Node_1_530_2260_3650,2260,2995.72219742271,1393.30801017431,4598.13638467112
7,5,25,2,p17,Node_1_1091_2010_3650,2010,1406.36377678401,-191.642763324263,3004.37031689228
7,5,25,2,p17,Node_1_621_398_3650,398,552.396250187207,-1058.15872001508,2162.95122038949
7,5,25,2,p17,Node_1_1211_2769_3650,2769,4134.41095173406,2506.81636850008,5762.00553496803
7,5,25,2,p17,Node_1_533_378_3650,378,-6.64990826022312,-1630.95204620918,1617.65222968873
7,5,25,2,p17,Node_1_1015_2627_3650,2627,2576.24142204032,978.506794182915,4173.97604989772
7,5,25,2,p17,Node_1_58_2367_3650,2367,1415.48505621131,-182.443404238677,3013.4135166613
7,5,25,2,p17,Node_1_1230_256_3650,256,271.500075135727,-1345.42296843377,1888.42311870522
7,5,25,2,p17,Node_1_849_1850_3650,1850,1991.40067768557,395.986899949518,3586.81445542163
7,5,25,2,p17,Node_1_640_1616_3650,1616,2889.79766213794,1288.80165355765,4490.79367071822
7,5,25,2,p17,Node_1_176_829_3650,829,1394.49630570118,-203.613603079103,2992.60621448146
7,5,25,2,p17,Node_1_1103_798_3650,798,271.892388229374,-1345.02099861237,1888.80577507112
7,5,25,2,p17,Node_1_626_1191_3650,1191,552.690485007443,-1057.85839047151,2163.2393604864
7,5,25,2,p17,Node_1_90_1553_3650,1553,1411.2676904546,-186.696723438249,3009.23210434745
7,5,25,2,p17,Node_1_395_206_3650,206,270.61737067502,-1346.32740830084,1887.56214965087
7,5,26,2,p17,Node_1_822_451_1825,451,205.201298091389,-1345.01474226505,1755.41733844783
7,5,26,2,p17,Node_1_943_1704_1825,1704,2381.88591867919,852.900212764972,3910.8716245934
7,5,26,2,p17,Node_1_217_580_1825,580,1123.76758915279,-409.619351801564,2657.15453010715
7,5,26,2,p17,Node_1_812_159_1825,159,204.340310355186,-1345.89678862919,1754.57740933956
7,5,26,2,p17,Node_1_1098_1011_1825,1011,804.664009422615,-733.282619308485,2342.61063815371
7,5,26,2,p17,Node_1_1086_743_1825,743,807.031725697172,-730.875992208831,2344.93944360318
7,5,26,2,p17,Node_1_140_1061_1825,1061,1422.31508668112,-108.061252097952,2952.6914254602
7,5,26,2,p17,Node_1_697_604_1825,604,1108.91555070329,-424.652925642949,2642.48402704953
7,5,26,2,p17,Node_1_406_1178_1825,1178,1107.94693950006,-425.633480448065,2641.52735944819
7,5,26,2,p17,Node_1_1070_1122_1825,1122,1657.66185720829,128.798434505323,3186.52527991126
7,5,26,2,p17,Node_1_1103_798_3650,798,1421.45409894492,-108.929169431879,2951.83736732172
7,5,26,2,p17,Node_1_395_206_3650,206,806.924102230147,-730.985382707782,2344.83358716808
7,5,26,2,p17,Node_1_1015_2627_3650,2627,2372.84554744906,843.905838720339,3901.78525617777
7,5,26,2,p17,Node_1_533_378_3650,378,816.502590795404,-721.250240744163,2354.25542233497
7,5,26,2,p17,Node_1_621_398_3650,398,205.201298091389,-1345.01474226505,1755.41733844783
7,5,26,2,p17,Node_1_1076_694_3650,694,1419.40925307144,-110.990513805598,2949.80901994848
7,5,26,2,p17,Node_1_90_1553_3650,1553,1110.6375261757,-422.909748642845,2644.18480099424
7,5,26,2,p17,Node_1_626_1191_3650,1191,1719.89397300623,191.303444678857,3248.4845013336
7,5,26,2,p17,Node_1_523_1491_3650,1491,2032.64776818191,504.622072393302,3560.67346397052
7,5,26,2,p17,Node_1_849_1850_3650,1850,1715.48141085819,186.873286618601,3244.08953509778
7,5,26,2,p17,Node_1_1230_256_3650,256,204.340310355186,-1345.89678862919,1754.57740933956
7,5,26,2,p17,Node_1_1091_2010_3650,2010,2365.63477515836,836.730949618847,3894.53860069787
7,5,26,2,p17,Node_1_888_2575_3650,2575,3316.59572979439,1776.82501370475,4856.36644588404
7,5,26,2,p17,Node_1_1035_2715_3650,2715,3973.42174905013,2419.02863983009,5527.81485827017
7,5,26,2,p17,Node_1_1211_2769_3650,2769,2654.49616065441,1123.59653800296,4185.39578330586
7,5,26,2,p17,Node_1_640_1616_3650,1616,1400.25227594093,-130.304837932065,2930.80938981392
7,5,26,2,p17,Node_1_111_1624_3650,1624,2021.34730414425,493.32464115427,3549.36996713423
7,5,26,2,p17,Node_1_176_829_3650,829,1715.37378739117,186.765230638676,3243.98234414365
7,5,26,2,p17,Node_1_58_2367_3650,2367,1721.18545461053,192.600025663102,3249.77088355797
7,5,26,2,p17,Node_1_530_2260_3650,2260,2046.63881889521,518.606932874147,3574.67070491627
7,5,27,2,p17,Node_1_1086_743_1825,743,670.792552613436,-681.639039435006,2023.22414466188
7,5,27,2,p17,Node_1_406_1178_1825,1178,1182.40254727907,-163.382228637035,2528.18732319517
7,5,27,2,p17,Node_1_1098_1011_1825,1011,425.640661577841,-931.073529639341,1782.35485279502
7,5,27,2,p17,Node_1_217_580_1825,580,425.640661577841,-931.073529639341,1782.35485279502
7,5,27,2,p17,Node_1_812_159_1825,159,179.358236812745,-1182.36555878991,1541.0820324154
7,5,27,2,p17,Node_1_1070_1122_1825,1122,1164.48793587313,-181.476864794217,2510.45273654048
7,5,27,2,p17,Node_1_943_1704_1825,1704,1676.79364360307,334.455862402915,3019.13142480322
7,5,27,2,p17,Node_1_140_1061_1825,1061,1161.96597601501,-184.024476471683,2507.95642850171
7,5,27,2,p17,Node_1_822_451_1825,451,668.879341686589,-683.582935253624,2021.3416186268
7,5,27,2,p17,Node_1_697_604_1825,604,-66.4893672871591,-1433.91317444416,1300.93443986984
7,5,27,2,p17,Node_1_176_829_3650,829,425.553697444802,-931.162138016365,1782.26953290597
7,5,27,2,p17,Node_1_58_2367_3650,2367,1428.7719361772,85.0724470474174,2772.47142530698
7,5,27,2,p17,Node_1_1091_2010_3650,2010,3052.30533587338,1704.0477248078,4400.56294693897
7,5,27,2,p17,Node_1_621_398_3650,398,673.401476604591,-678.988342018313,2025.7912952275
7,5,27,2,p17,Node_1_1015_2627_3650,2627,1938.46871991598,596.762888765309,3280.17455106666
7,5,27,2,p17,Node_1_1211_2769_3650,2769,1670.18436949214,327.819920729706,3012.54881825457
7,5,27,2,p17,Node_1_530_2260_3650,2260,3285.36921241662,1933.86018921992,4636.87823561332
7,5,27,2,p17,Node_1_533_378_3650,378,672.097014609014,-680.313680686561,2024.50770990459
7,5,27,2,p17,Node_1_1103_798_3650,798,1693.31682888039,351.043410138038,3035.59024762274
7,5,27,2,p17,Node_1_640_1616_3650,1616,674.010225535862,-678.369857511947,2026.39030858367
7,5,27,2,p17,Node_1_395_206_3650,206,179.532165078821,-1182.18784430357,1541.25217446121
7,5,27,2,p17,Node_1_1230_256_3650,256,179.532165078821,-1182.18784430357,1541.25217446121
7,5,27,2,p17,Node_1_1035_2715_3650,2715,3433.12127444907,2079.21805434251,4787.02449455564
7,5,27,2,p17,Node_1_888_2575_3650,2575,2442.42587087422,1099.60621464966,3785.24552709878
7,5,27,2,p17,Node_1_849_1850_3650,1850,1695.05611154116,352.78927610891,3037.3229469734
7,5,27,2,p17,Node_1_111_1624_3650,1624,1160.5745498864,-185.430087918753,2506.57918769155
7,5,27,2,p17,Node_1_523_1491_3650,1491,2217.5366228366,875.593023034026,3559.48022263918
7,5,27,2,p17,Node_1_1076_694_3650,694,919.59693723665,-429.213296748933,2268.40717122223
7,5,27,2,p17,Node_1_626_1191_3650,1191,1423.72801646097,79.9931473009219,2767.46288562101
7,5,27,2,p17,Node_1_90_1553_3650,1553,1419.37980980904,75.6141949621428,2763.14542465594
7,5,28,2,p17,Node_1_822_451_1825,451,643.020677230234,-1006.67971976798,2292.72107422845
7,5,28,2,p17,Node_1_1098_1011_1825,1011,643.552113483251,-1006.13768718202,2293.24191414852
7,5,28,2,p17,Node_1_217_580_1825,580,70.8764072323897,-1592.56914899045,1734.32196345523
7,5,28,2,p17,Node_1_812_159_1825,159,71.1952689841996,-1592.24133709109,1734.63187505949
7,5,28,2,p17,Node_1_406_1178_1825,1178,930.84655186411,-713.711167097282,2575.4042708255
7,5,28,2,p17,Node_1_1086_743_1825,743,928.720806852044,-715.870500392003,2573.31211409609
7,5,28,2,p17,Node_1_1070_1122_1825,1122,356.470249603597,-1299.53280240605,2012.47330161324
7,5,28,2,p17,Node_1_140_1061_1825,1061,642.27666647601,-1007.43857220869,2291.99190516071
7,5,28,2,p17,Node_1_943_1704_1825,1704,1985.42865235057,349.387055060503,3621.47024964063
7,5,28,2,p17,Node_1_697_604_1825,604,931.484275367731,-713.063379894311,2576.03193062977
7,5,28,2,p17,Node_1_1015_2627_3650,2627,1242.90591963555,-397.434317259601,2883.2461565307
7,5,28,2,p17,Node_1_1230_256_3650,256,356.25767510239,-1299.75048734319,2012.26583754797
7,5,28,2,p17,Node_1_1103_798_3650,798,1213.46435121842,-427.213111676428,2854.14181411327
7,5,28,2,p17,Node_1_626_1191_3650,1191,643.23325173144,-1006.46290624642,2292.9294097093
7,5,28,2,p17,Node_1_176_829_3650,829,647.165880003764,-1002.45197326821,2296.78373327574
7,5,28,2,p17,Node_1_395_206_3650,206,70.6638327311832,-1592.78769104868,1734.11535651104
7,5,28,2,p17,Node_1_1091_2010_3650,2010,1232.59605632703,-407.860828862803,2873.05294151686
7,5,28,2,p17,Node_1_1076_694_3650,694,71.0889817335963,-1592.35060756581,1734.528571033
7,5,28,2,p17,Node_1_533_378_3650,378,70.5575454805799,-1592.89696231539,1734.01205327655
7,5,28,2,p17,Node_1_90_1553_3650,1553,2098.62457424314,462.525378807478,3734.7237696788
7,5,28,2,p17,Node_1_849_1850_3650,1850,2122.96435463131,486.828107773575,3759.10060148904
7,5,28,2,p17,Node_1_640_1616_3650,1616,2423.01326308457,785.703500781806,4060.32302538733
7,5,28,2,p17,Node_1_888_2575_3650,2575,3325.92345696004,1677.12629223194,4974.72062168815
7,5,28,2,p17,Node_1_523_1491_3650,1491,2522.3918423987,884.401405592135,4160.38227920527
7,5,28,2,p17,Node_1_58_2367_3650,2367,2752.18487820315,1112.0654999536,4392.3042564527
7,5,28,2,p17,Node_1_111_1624_3650,1624,641.63894297239,-1008.08902349093,2291.36690943571
7,5,28,2,p17,Node_1_1035_2715_3650,2715,1509.79320590057,-128.069148509707,3147.65556031084
7,5,28,2,p17,Node_1_530_2260_3650,2260,1832.26872423114,196.004463021313,3468.53298544096
7,5,28,2,p17,Node_1_621_398_3650,398,357.851983861441,-1298.11786596783,2013.82183369071
7,5,28,2,p17,Node_1_1211_2769_3650,2769,3984.90441070083,2320.30243322052,5649.50638818113
7,5,29,2,p17,Node_1_406_1178_1825,1178,752.179280376555,-1097.78764620081,2602.14620695393
7,5,29,2,p17,Node_1_1098_1011_1825,1011,751.154255777454,-1098.83382248847,2601.14233404337
7,5,29,2,p17,Node_1_1070_1122_1825,1122,2117.2557902295,280.181565785468,3954.33001467353
7,5,29,2,p17,Node_1_812_159_1825,159,75.1505326702512,-1792.46316796196,1942.76423330246
7,5,29,2,p17,Node_1_822_451_1825,451,75.0224045953636,-1792.59532600934,1942.64013520007
7,5,29,2,p17,Node_1_140_1061_1825,1061,410.589832726099,-1447.36446484116,2268.54413029336
7,5,29,2,p17,Node_1_943_1704_1825,1704,2446.28868654097,607.721793841738,4284.8555792402
7,5,29,2,p17,Node_1_217_580_1825,580,409.949192351661,-1448.02184655279,2267.92023125612
7,5,29,2,p17,Node_1_1086_743_1825,743,745.004108182847,-1105.11123765814,2595.11945402383
7,5,29,2,p17,Node_1_697_604_1825,604,75.5349168949142,-1792.06669537089,1943.13652916071
7,5,29,2,p17,Node_1_1103_798_3650,798,566.906084089024,-1287.15994820294,2420.97211638099
7,5,29,2,p17,Node_1_1211_2769_3650,2769,3833.91573757414,1969.54532038707,5698.2861547612
7,5,29,2,p17,Node_1_888_2575_3650,2575,2499.846221844,660.867117449976,4338.82532623803
7,5,29,2,p17,Node_1_1091_2010_3650,2010,4024.95469723161,2154.60735061028,5895.30204385294
7,5,29,2,p17,Node_1_1076_694_3650,694,1254.82571816078,-586.830211117555,3096.48164743911
7,5,29,2,p17,Node_1_58_2367_3650,2367,3175.08117650188,1326.86163098293,5023.30072202083
7,5,29,2,p17,Node_1_1035_2715_3650,2715,1765.28796851315,-72.1719281294013,3602.74786515569
7,5,29,2,p17,Node_1_395_206_3650,206,750.897999627679,-1099.09536922011,2600.89136847546
7,5,29,2,p17,Node_1_533_378_3650,378,409.180423902336,-1448.81071327112,2267.17156107579
7,5,29,2,p17,Node_1_1230_256_3650,256,746.413517006611,-1103.67260923003,2596.49964324325
7,5,29,2,p17,Node_1_111_1624_3650,1624,746.541645081498,-1103.54182642302,2596.62511658602
7,5,29,2,p17,Node_1_849_1850_3650,1850,1772.71939685663,-64.711178379428,3610.14997209269
7,5,29,2,p17,Node_1_176_829_3650,829,1774.76944605483,-62.65320122038,3612.19209333004
7,5,29,2,p17,Node_1_530_2260_3650,2260,2854.88911735766,1011.98288717957,4697.79534753575
7,5,29,2,p17,Node_1_626_1191_3650,1191,2453.07947451001,614.462935931655,4291.69601308837
7,5,29,2,p17,Node_1_523_1491_3650,1491,66.3096955030037,-1801.58267960632,1934.20207061232
7,5,29,2,p17,Node_1_640_1616_3650,1616,408.155399303235,-1449.86255026487,2266.17334887134
7,5,29,2,p17,Node_1_90_1553_3650,1553,2131.60613461692,294.504144570949,3968.70812466288
7,5,29,2,p17,Node_1_621_398_3650,398,409.052295827448,-1448.94219197643,2267.04678363133
7,5,29,2,p17,Node_1_1015_2627_3650,2627,2846.43266441508,1003.64404702406,4689.2212818061
7,5,30,2,p17,Node_1_943_1704_1825,1704,723.859124735656,-809.762674938189,2257.4809244095
7,5,30,2,p17,Node_1_217_580_1825,580,432.950780818379,-1106.32008251047,1972.22164414722
7,5,30,2,p17,Node_1_1086_743_1825,743,724.866115156908,-808.738094782407,2258.47032509622
7,5,30,2,p17,Node_1_1070_1122_1825,1122,1023.1590554967,-505.835417391688,2552.15352838509
7,5,30,2,p17,Node_1_1098_1011_1825,1011,1036.02615532381,-492.796497665852,2564.84880831347
7,5,30,2,p17,Node_1_822_451_1825,451,576.726635408265,-959.611157100217,2113.06442791675
7,5,30,2,p17,Node_1_406_1178_1825,1178,2203.57560485334,680.946937864309,3726.20427184237
7,5,30,2,p17,Node_1_140_1061_1825,1061,2199.99519446666,677.376065468512,3722.61432346482
7,5,30,2,p17,Node_1_697_604_1825,604,725.313666455242,-808.282730190551,2258.91006310104
7,5,30,2,p17,Node_1_812_159_1825,159,1015.99823472335,-513.092830377816,2545.08929982452
7,5,30,2,p17,Node_1_176_829_3650,829,1323.68975232816,-201.87821206456,2849.25771672088
7,5,30,2,p17,Node_1_1103_798_3650,798,726.880095999412,-806.6889752794,2260.44916727822
7,5,30,2,p17,Node_1_1015_2627_3650,2627,3811.85119541754,2267.32355297215,5356.37883786294
7,5,30,2,p17,Node_1_530_2260_3650,2260,1640.33229589966,117.043111330375,3163.62148046894
7,5,30,2,p17,Node_1_533_378_3650,378,432.503229520046,-1106.77719299572,1971.78365203581
7,5,30,2,p17,Node_1_1035_2715_3650,2715,3800.77430078377,2256.51601190942,5345.03258965811
7,5,30,2,p17,Node_1_888_2575_3650,2575,1612.8078910521,89.3750131107024,3136.2407689935
7,5,30,2,p17,Node_1_90_1553_3650,1553,1503.26971078479,-20.8377182280751,3027.37713979765
7,5,30,2,p17,Node_1_1076_694_3650,694,1031.88630581422,-496.991383786108,2560.76399541454
7,5,30,2,p17,Node_1_58_2367_3650,2367,1936.2755919232,413.875735932311,3458.67544791408
7,5,30,2,p17,Node_1_1091_2010_3650,2010,2256.05099458303,733.262378834431,3778.83961033163
7,5,30,2,p17,Node_1_849_1850_3650,1850,1627.8008595463,104.447539385064,3151.15417970754
7,5,30,2,p17,Node_1_111_1624_3650,1624,2505.78461905356,981.718015254206,4029.85122285291
7,5,30,2,p17,Node_1_1211_2769_3650,2769,2828.35721732798,1301.37891144315,4355.33552321282
7,5,30,2,p17,Node_1_621_398_3650,398,432.279453870878,-1107.00574923485,1971.56465697661
7,5,30,2,p17,Node_1_395_206_3650,206,432.727005169213,-1106.54863742092,1972.00264775935
7,5,30,2,p17,Node_1_640_1616_3650,1616,1614.03865712252,90.612425948749,3137.46488829629
7,5,30,2,p17,Node_1_1230_256_3650,256,729.453515964834,-804.070735101518,2262.97776703119
7,5,30,2,p17,Node_1_523_1491_3650,1491,1020.69752335586,-508.330074822703,2549.72512153442
7,5,30,2,p17,Node_1_626_1191_3650,1191,725.201778630659,-808.396571086611,2258.80012834793
