batch,rep,ali,sub,gene,nodeName,trueDate,nodeDate,lowCI,highCI
8,5,1,1,nef,Node_1_130_360_1825,360,250.833396265886,-1196.97903468058,1698.64582721235
8,5,1,1,nef,Node_1_963_638_1825,638,250.760696251678,-1197.05335529524,1698.5747477986
8,5,1,1,nef,Node_1_533_1340_1825,1340,1357.98191263738,-72.8282925758926,2788.79211785065
8,5,1,1,nef,Node_1_373_1607_1825,1607,1067.90885594802,-365.85770267497,2501.67541457101
8,5,1,1,nef,Node_1_972_1682_1825,1682,1355.4374121401,-75.3940555597546,2786.26887983996
8,5,1,1,nef,Node_1_64_1154_1825,1154,1334.1363079772,-96.8764052848589,2765.14902123926
8,5,1,1,nef,Node_1_76_696_1825,696,1214.8355846621,-217.299398445962,2646.97056777017
8,5,1,1,nef,Node_1_929_1174_1825,1174,1350.20301111714,-80.6724569637513,2781.07847919803
8,5,1,1,nef,Node_1_921_1795_1825,1795,1357.47301253792,-73.3414385472411,2788.28746362309
8,5,1,1,nef,Node_1_1254_1412_1825,1412,524.767049801101,-917.404198124338,1966.93829772654
8,5,1,1,nef,Node_1_886_1206_3650,1206,1500.47394048478,70.7221529627332,2930.22572800684
8,5,1,1,nef,Node_1_107_1049_3650,1049,1771.6449934801,343.188070537126,3200.10191642307
8,5,1,1,nef,Node_1_445_2746_3650,2746,3111.0700552457,1675.15856660168,4546.98154388972
8,5,1,1,nef,Node_1_572_749_3650,749,518.878348650264,-923.404345679678,1961.16104298021
8,5,1,1,nef,Node_1_258_2556_3650,2556,2048.85014765467,620.739995896199,3476.96029941314
8,5,1,1,nef,Node_1_805_2473_3650,2473,1798.39859870859,370.018230128393,3226.77896728879
8,5,1,1,nef,Node_1_609_2310_3650,2310,2111.00865980239,682.840591761117,3539.17672784366
8,5,1,1,nef,Node_1_611_3605_3650,3605,3666.57086380796,2220.87506943285,5112.26665818306
8,5,1,1,nef,Node_1_30_2269_3650,2269,2713.11017747188,1281.8120488764,4144.40830606737
8,5,1,1,nef,Node_1_56_2570_3650,2570,2186.18047449331,757.87597297856,3614.48497600807
8,5,1,1,nef,Node_1_429_3119_3650,3119,3117.32225646758,1681.32224077955,4553.32227215561
8,5,1,1,nef,Node_1_1154_3561_3650,3561,3832.25419618767,2382.89542576779,5281.61296660755
8,5,1,1,nef,Node_1_748_2042_3650,2042,1918.7171222226,490.567267440478,3346.86697700472
8,5,1,1,nef,Node_1_935_760_3650,760,386.273522735128,-1058.63326262021,1831.18030809047
8,5,1,1,nef,Node_1_166_1497_3650,1497,2218.31388077319,789.928887657062,3646.69887388932
8,5,1,1,nef,Node_1_1100_2537_3650,2537,2491.95673425157,1062.34872412857,3921.56474437457
8,5,1,1,nef,Node_1_246_345_3650,345,251.196896336925,-1196.6074325861,1699.00122525995
8,5,1,1,nef,Node_1_603_969_3650,969,519.169148707096,-923.10803193079,1961.44632934498
8,5,1,1,nef,Node_1_123_1491_3650,1491,1071.98005674366,-361.737591147369,2505.69770463469
8,5,1,1,nef,Node_1_922_1683_3650,1683,1357.32761250951,-73.4880522903763,2788.14327730939
8,5,2,1,nef,Node_1_373_1607_1825,1607,703.83928511243,-696.695610651589,2104.37418087645
8,5,2,1,nef,Node_1_1254_1412_1825,1412,1160.48496657945,-233.934769668069,2554.90470282697
8,5,2,1,nef,Node_1_76_696_1825,696,551.967897740079,-851.168111126045,1955.1039066062
8,5,2,1,nef,Node_1_64_1154_1825,1154,1136.76002153017,-257.914006066068,2531.4340491264
8,5,2,1,nef,Node_1_972_1682_1825,1682,1322.7508950938,-70.116934054593,2715.61872424219
8,5,2,1,nef,Node_1_130_360_1825,360,-40.6002949959262,-1456.55300878449,1375.35241879264
8,5,2,1,nef,Node_1_533_1340_1825,1340,997.742952211274,-398.561169215176,2394.04707363772
8,5,2,1,nef,Node_1_963_638_1825,638,252.192505110644,-1156.90001876822,1661.2850289895
8,5,2,1,nef,Node_1_929_1174_1825,1174,692.968658116604,-707.743058308914,2093.68037454212
8,5,2,1,nef,Node_1_921_1795_1825,1795,1630.06431374224,239.23722717638,3020.89140030809
8,5,2,1,nef,Node_1_1100_2537_3650,2537,2965.40578609819,1569.73762081688,4361.07395137949
8,5,2,1,nef,Node_1_886_1206_3650,1206,1148.90021080288,-245.642822693915,2543.44324429967
8,5,2,1,nef,Node_1_123_1491_3650,1491,2918.98741534959,1523.86036665027,4314.1144640489
8,5,2,1,nef,Node_1_1154_3561_3650,3561,3570.66960160304,2165.52000394244,4975.81919926365
8,5,2,1,nef,Node_1_107_1049_3650,1049,1319.57698940158,-73.3180570407415,2712.47203584391
8,5,2,1,nef,Node_1_572_749_3650,749,254.414239095192,-1154.63014917169,1663.45862736208
8,5,2,1,nef,Node_1_935_760_3650,760,1153.50237405658,-240.991479125121,2547.99622723829
8,5,2,1,nef,Node_1_166_1497_3650,1497,1314.57808793635,-78.3600798840946,2707.51625575679
8,5,2,1,nef,Node_1_30_2269_3650,2269,2203.82711525189,813.650305179548,3594.00392532422
8,5,2,1,nef,Node_1_56_2570_3650,2570,2375.61476084287,984.831152119069,3766.39836956666
8,5,2,1,nef,Node_1_246_345_3650,345,-186.123870983853,-1605.86488786872,1233.61714590101
8,5,2,1,nef,Node_1_429_3119_3650,3119,3196.86285870276,1798.09947271159,4595.62624469393
8,5,2,1,nef,Node_1_603_969_3650,969,548.555949120952,-854.641726620015,1951.75362486192
8,5,2,1,nef,Node_1_611_3605_3650,3605,4447.93713493048,3021.20331729462,5874.67095256633
8,5,2,1,nef,Node_1_609_2310_3650,2310,2373.47237450062,982.698605562563,3764.24614343869
8,5,2,1,nef,Node_1_258_2556_3650,2556,2287.06279203015,896.638065412588,3677.48751864771
8,5,2,1,nef,Node_1_445_2746_3650,2746,3006.26982188542,1610.10323295777,4402.43641081307
8,5,2,1,nef,Node_1_805_2473_3650,2473,3764.5952393972,2355.46393956024,5173.72653923417
8,5,2,1,nef,Node_1_922_1683_3650,1683,1462.08535498191,70.2887413495775,2853.88196861424
8,5,2,1,nef,Node_1_748_2042_3650,2042,1501.83852377687,110.303167890028,2893.37387966371
8,5,3,1,nef,Node_1_1254_1412_1825,1412,1477.89358335202,259.821456308384,2695.96571039566
8,5,3,1,nef,Node_1_921_1795_1825,1795,2053.67296130953,837.125064777589,3270.22085784147
8,5,3,1,nef,Node_1_130_360_1825,360,42.0423688886298,-1195.47993395839,1279.56467173565
8,5,3,1,nef,Node_1_929_1174_1825,1174,1028.12852500676,-193.652065556675,2249.90911557019
8,5,3,1,nef,Node_1_533_1340_1825,1340,2532.7350509949,1314.68815846032,3750.78194352948
8,5,3,1,nef,Node_1_76_696_1825,696,-97.1741572515526,-1337.74485127867,1143.39653677557
8,5,3,1,nef,Node_1_972_1682_1825,1682,1184.923269951,-35.3148608273739,2405.16140072937
8,5,3,1,nef,Node_1_963_638_1825,638,42.116538588225,-1195.40419382987,1279.63727100632
8,5,3,1,nef,Node_1_64_1154_1825,1154,1610.50900622823,393.109532178126,2827.90848027834
8,5,3,1,nef,Node_1_373_1607_1825,1607,2118.42310905613,901.819477786464,3335.0267403258
8,5,3,1,nef,Node_1_1100_2537_3650,2537,2705.99546924927,1486.78880244539,3925.20213605316
8,5,3,1,nef,Node_1_935_760_3650,760,1043.85250132094,-177.761389524042,2265.46639216592
8,5,3,1,nef,Node_1_922_1683_3650,1683,2673.28663172779,1454.32396752682,3892.24929592877
8,5,3,1,nef,Node_1_572_749_3650,749,463.474601988532,-766.055220033718,1693.00442401078
8,5,3,1,nef,Node_1_258_2556_3650,2556,3394.88363908945,2167.84579547431,4621.9214827046
8,5,3,1,nef,Node_1_166_1497_3650,1497,746.580345343394,-478.636716059179,1971.79740674597
8,5,3,1,nef,Node_1_123_1491_3650,1491,1318.79957772033,99.6672024386091,2537.93195300205
8,5,3,1,nef,Node_1_603_969_3650,969,886.167719981553,-337.238831843107,2109.57427180621
8,5,3,1,nef,Node_1_609_2310_3650,2310,2317.86543126762,1100.801517194,3534.92934534123
8,5,3,1,nef,Node_1_611_3605_3650,3605,3392.06519050483,2165.06978967886,4619.06059133081
8,5,3,1,nef,Node_1_107_1049_3650,1049,605.138728215356,-622.126085466264,1832.40354189697
8,5,3,1,nef,Node_1_748_2042_3650,2042,2080.67073196218,864.105180985992,3297.23628293837
8,5,3,1,nef,Node_1_429_3119_3650,3119,3149.30776372976,1925.64875396939,4372.96677349012
8,5,3,1,nef,Node_1_1154_3561_3650,3561,5119.77417287533,3851.2728568196,6388.27548893105
8,5,3,1,nef,Node_1_805_2473_3650,2473,2335.0728015737,1117.94876624195,3552.19683690545
8,5,3,1,nef,Node_1_56_2570_3650,2570,3908.43463908659,2672.25684116539,5144.61243700779
8,5,3,1,nef,Node_1_886_1206_3650,1206,1322.95308089766,103.851892863037,2542.05426893228
8,5,3,1,nef,Node_1_246_345_3650,345,40.7814839955114,-1196.76752490546,1278.33049289648
8,5,3,1,nef,Node_1_445_2746_3650,2746,2684.78293516505,1465.73583833376,3903.83003199634
8,5,3,1,nef,Node_1_30_2269_3650,2269,1966.07609057434,749.530473469661,3182.62170767902
8,5,4,1,nef,Node_1_76_696_1825,696,474.18654266296,-776.519711490776,1724.8927968167
8,5,4,1,nef,Node_1_921_1795_1825,1795,1789.61005478616,551.676655811243,3027.54345376108
8,5,4,1,nef,Node_1_64_1154_1825,1154,1384.41639239489,144.585270668127,2624.24751412166
8,5,4,1,nef,Node_1_533_1340_1825,1340,1674.1912539838,435.903333091788,2912.47917487582
8,5,4,1,nef,Node_1_963_638_1825,638,735.404898521435,-511.252186762498,1982.06198380537
8,5,4,1,nef,Node_1_130_360_1825,360,218.511095779188,-1036.87228782326,1473.89447938164
8,5,4,1,nef,Node_1_972_1682_1825,1682,1789.32940116719,551.395320108281,3027.2634822261
8,5,4,1,nef,Node_1_1254_1412_1825,1412,994.58851564236,-248.786575089795,2237.96360637451
8,5,4,1,nef,Node_1_929_1174_1825,1174,997.114398213111,-246.232333355385,2240.46112978161
8,5,4,1,nef,Node_1_373_1607_1825,1607,614.513352149114,-633.925566224001,1862.95227052223
8,5,4,1,nef,Node_1_611_3605_3650,3605,3220.45236771173,1974.60895306177,4466.29578236168
8,5,4,1,nef,Node_1_609_2310_3650,2310,2047.46056721697,809.782897875324,3285.13823655862
8,5,4,1,nef,Node_1_603_969_3650,969,731.124930832107,-515.592518775281,1977.84238043949
8,5,4,1,nef,Node_1_805_2473_3650,2473,2634.72826491652,1394.86830571579,3874.58822411725
8,5,4,1,nef,Node_1_1154_3561_3650,3561,4055.39688415434,2794.5656593379,5316.22810897078
8,5,4,1,nef,Node_1_922_1683_3650,1683,1814.65839027944,576.782332604634,3052.53444795425
8,5,4,1,nef,Node_1_445_2746_3650,2746,2635.92104279715,1396.05274924785,3875.78933634646
8,5,4,1,nef,Node_1_258_2556_3650,2556,2372.80827501062,1134.39580028843,3611.2207497328
8,5,4,1,nef,Node_1_56_2570_3650,2570,3206.41968676311,1960.76372060269,4452.07565292353
8,5,4,1,nef,Node_1_1100_2537_3650,2537,3174.77599122398,1929.53481658643,4420.01716586153
8,5,4,1,nef,Node_1_166_1497_3650,1497,2115.0980893893,877.364784434048,3352.83139434454
8,5,4,1,nef,Node_1_107_1049_3650,1049,996.202273951451,-247.154690332783,2239.55923823568
8,5,4,1,nef,Node_1_935_760_3650,760,476.361608209995,-774.307875909858,1727.03109232985
8,5,4,1,nef,Node_1_748_2042_3650,2042,3473.67209542949,2224.07729767172,4723.26689318726
8,5,4,1,nef,Node_1_123_1491_3650,1491,1794.94247354664,557.021867418229,3032.86307967504
8,5,4,1,nef,Node_1_30_2269_3650,2269,1898.22300532845,660.487670699428,3135.95833995746
8,5,4,1,nef,Node_1_572_749_3650,749,1256.99964938147,16.1949591568887,2497.80433960605
8,5,4,1,nef,Node_1_886_1206_3650,1206,991.571489238408,-251.837566885709,2234.98054536253
8,5,4,1,nef,Node_1_429_3119_3650,3119,3150.35912637339,1905.4305209028,4395.28773184399
8,5,4,1,nef,Node_1_246_345_3650,345,91.1645161705042,-1166.80950751569,1349.1385398567
8,5,5,1,nef,Node_1_1254_1412_1825,1412,1884.29118891198,527.200390521208,3241.38198730274
8,5,5,1,nef,Node_1_963_638_1825,638,271.213336882171,-1104.08725085051,1646.51392461486
8,5,5,1,nef,Node_1_64_1154_1825,1154,1270.68876545202,-89.623390792377,2631.00092169642
8,5,5,1,nef,Node_1_921_1795_1825,1795,2182.46879901495,825.283678716115,3539.65391931378
8,5,5,1,nef,Node_1_533_1340_1825,1340,1425.51558235532,66.4489479910644,2784.58221671958
8,5,5,1,nef,Node_1_76_696_1825,696,555.99119676472,-813.823673572011,1925.80606710145
8,5,5,1,nef,Node_1_972_1682_1825,1682,1585.2512186463,227.16389277027,2943.33854452234
8,5,5,1,nef,Node_1_130_360_1825,360,-8.32402662704446,-1389.93549504464,1373.28744179055
8,5,5,1,nef,Node_1_373_1607_1825,1607,1601.50339094335,243.49827480712,2959.50850707958
8,5,5,1,nef,Node_1_929_1174_1825,1174,1292.24776951953,-67.8735009497973,2652.36903998887
8,5,5,1,nef,Node_1_611_3605_3650,3605,4862.81685548229,3456.87095347635,6268.76275748823
8,5,5,1,nef,Node_1_609_2310_3650,2310,3729.21125391395,2354.21465893756,5104.20784889034
8,5,5,1,nef,Node_1_30_2269_3650,2269,1712.41617494606,354.886056378442,3069.94629351367
8,5,5,1,nef,Node_1_246_345_3650,345,271.279672279302,-1104.01952627367,1646.57887083227
8,5,5,1,nef,Node_1_886_1206_3650,1206,994.998854976394,-368.250601995323,2358.24831194811
8,5,5,1,nef,Node_1_1154_3561_3650,3561,3107.71491819543,1743.33846750315,4472.09136888771
8,5,5,1,nef,Node_1_935_760_3650,760,421.131334397792,-951.161903792546,1793.42457258813
8,5,5,1,nef,Node_1_107_1049_3650,1049,1134.63486593674,-227.011934082685,2496.28166595616
8,5,5,1,nef,Node_1_56_2570_3650,2570,2154.14358444009,797.01413695468,3511.27303192551
8,5,5,1,nef,Node_1_922_1683_3650,1683,2038.25564565258,681.25184634058,3395.25944496457
8,5,5,1,nef,Node_1_429_3119_3650,3119,4113.29320330131,2729.45743468029,5497.12897192233
8,5,5,1,nef,Node_1_445_2746_3650,2746,2860.15121610326,1498.7168903671,4221.58554183942
8,5,5,1,nef,Node_1_572_749_3650,749,843.223466341109,-522.03456378819,2208.48149647041
8,5,5,1,nef,Node_1_805_2473_3650,2473,3998.33396007363,2617.32370088272,5379.34421926454
8,5,5,1,nef,Node_1_603_969_3650,969,270.616318307994,-1104.69677436733,1645.92941098331
8,5,5,1,nef,Node_1_1100_2537_3650,2537,3543.07412956491,2171.73966070713,4914.40859842268
8,5,5,1,nef,Node_1_123_1491_3650,1491,1885.35255526607,528.263348428575,3242.44176210356
8,5,5,1,nef,Node_1_166_1497_3650,1497,1434.33819017372,75.3337529624146,2793.34262738503
8,5,5,1,nef,Node_1_258_2556_3650,2556,2208.07426230744,850.83037801965,3565.31814659523
8,5,5,1,nef,Node_1_748_2042_3650,2042,2056.76322145207,699.750370509874,3413.77607239427
8,5,6,1,nef,Node_1_533_1340_1825,1340,962.38844967852,-441.955001401399,2366.73190075844
8,5,6,1,nef,Node_1_963_638_1825,638,962.173953163512,-442.172306497913,2366.52021282494
8,5,6,1,nef,Node_1_64_1154_1825,1154,830.616090624938,-575.560156763611,2236.79233801349
8,5,6,1,nef,Node_1_1254_1412_1825,1412,1538.09709596145,139.225733750616,2936.96845817229
8,5,6,1,nef,Node_1_373_1607_1825,1607,1399.17485307425,-0.637662663269566,2798.98736881178
8,5,6,1,nef,Node_1_76_696_1825,696,555.989052575664,-854.695381380407,1966.67348653174
8,5,6,1,nef,Node_1_130_360_1825,360,286.080937856579,-1129.9335331776,1702.09540889076
8,5,6,1,nef,Node_1_929_1174_1825,1174,1260.75310205541,-140.237609490366,2661.74381360118
8,5,6,1,nef,Node_1_972_1682_1825,1682,2410.52592133954,1012.0187504751,3809.03309220399
8,5,6,1,nef,Node_1_921_1795_1825,1795,1435.13876875735,35.593108668829,2834.68442884588
8,5,6,1,nef,Node_1_123_1491_3650,1491,1514.71697582552,115.704161529372,2913.72979012167
8,5,6,1,nef,Node_1_805_2473_3650,2473,3000.96332831973,1597.2795280075,4404.64712863196
8,5,6,1,nef,Node_1_935_760_3650,760,1241.44841570464,-159.725646935978,2642.62247834525
8,5,6,1,nef,Node_1_1100_2537_3650,2537,3271.37193490717,1863.86816330407,4678.87570651027
8,5,6,1,nef,Node_1_886_1206_3650,1206,1244.16537156141,-156.982604624643,2645.31334774747
8,5,6,1,nef,Node_1_609_2310_3650,2310,2474.23138629708,1075.37575030199,3873.08702229217
8,5,6,1,nef,Node_1_611_3605_3650,3605,3287.31617585614,1879.55896003164,4695.07339168064
8,5,6,1,nef,Node_1_603_969_3650,969,1650.4217709876,252.134289761814,3048.70925221338
8,5,6,1,nef,Node_1_572_749_3650,749,829.329111534886,-576.866095628407,2235.52431869818
8,5,6,1,nef,Node_1_30_2269_3650,2269,3276.01935939902,1868.44203730241,4683.59668149563
8,5,6,1,nef,Node_1_56_2570_3650,2570,2944.55074487248,1541.54957969834,4347.55191004663
8,5,6,1,nef,Node_1_429_3119_3650,3119,2549.80565841842,1150.47057927177,3949.14073756508
8,5,6,1,nef,Node_1_107_1049_3650,1049,1116.53994513133,-285.932873258868,2519.01276352152
8,5,6,1,nef,Node_1_1154_3561_3650,3561,3679.55880296843,2264.58525292703,5094.53235300983
8,5,6,1,nef,Node_1_246_345_3650,345,285.651944826562,-1130.37170224563,1701.67559189875
8,5,6,1,nef,Node_1_258_2556_3650,2556,3918.72241720296,2498.43126628674,5339.01356811917
8,5,6,1,nef,Node_1_166_1497_3650,1497,1948.14293381946,550.635615490141,3345.65025214877
8,5,6,1,nef,Node_1_445_2746_3650,2746,3386.77105998177,1977.36234019665,4796.17977976688
8,5,6,1,nef,Node_1_748_2042_3650,2042,1813.51062123243,415.788628617956,3211.2326138469
8,5,6,1,nef,Node_1_922_1683_3650,1683,1258.89413225867,-142.114032740959,2659.90229725829
8,5,7,1,nef,Node_1_533_1340_1825,1340,1293.97265151582,-3.15570007332212,2591.10100310496
8,5,7,1,nef,Node_1_972_1682_1825,1682,2089.22036293846,795.017386159508,3383.42333971742
8,5,7,1,nef,Node_1_963_638_1825,638,523.289840569571,-783.651841949612,1830.23152308875
8,5,7,1,nef,Node_1_373_1607_1825,1607,1471.65876496178,175.822123389017,2767.49540653453
8,5,7,1,nef,Node_1_929_1174_1825,1174,998.620664787905,-301.462879648291,2298.7042092241
8,5,7,1,nef,Node_1_130_360_1825,360,370.905574614305,-938.778204511397,1680.58935374001
8,5,7,1,nef,Node_1_76_696_1825,696,676.001638531189,-628.45574047514,1980.45901753752
8,5,7,1,nef,Node_1_921_1795_1825,1795,2123.93875561178,829.695678113225,3418.18183311033
8,5,7,1,nef,Node_1_1254_1412_1825,1412,1627.64588298691,332.641036811296,2922.65072916253
8,5,7,1,nef,Node_1_64_1154_1825,1154,1634.19652311395,339.220417194992,2929.17262903291
8,5,7,1,nef,Node_1_748_2042_3650,2042,2747.64157870756,1450.28824581984,4044.99491159529
8,5,7,1,nef,Node_1_1154_3561_3650,3561,3741.20991997634,2429.64220302071,5052.77763693198
8,5,7,1,nef,Node_1_611_3605_3650,3605,4083.72651561894,2764.67436635245,5402.77866488543
8,5,7,1,nef,Node_1_609_2310_3650,2310,2595.99425976659,1299.81303121167,3892.17548832151
8,5,7,1,nef,Node_1_603_969_3650,969,820.525136334007,-481.825631689326,2122.87590435734
8,5,7,1,nef,Node_1_429_3119_3650,3119,3078.44890512308,1777.61650608707,4379.28130415909
8,5,7,1,nef,Node_1_30_2269_3650,2269,2447.37661188437,1152.08518072617,3742.66804304257
8,5,7,1,nef,Node_1_572_749_3650,749,364.92811549838,-944.868560654726,1674.72479165149
8,5,7,1,nef,Node_1_166_1497_3650,1497,2456.79315706699,1161.45296315406,3752.13335097992
8,5,7,1,nef,Node_1_886_1206_3650,1206,1307.89276178578,10.878816517202,2604.90670705435
8,5,7,1,nef,Node_1_922_1683_3650,1683,1936.34479897367,642.151236776455,3230.53836117088
8,5,7,1,nef,Node_1_258_2556_3650,2556,2448.35920790343,1153.06273663612,3743.65567917074
8,5,7,1,nef,Node_1_1100_2537_3650,2537,2598.77828182058,1302.57793759052,3894.97862605064
8,5,7,1,nef,Node_1_805_2473_3650,2473,4108.94648010805,2789.29190249194,5428.60105772415
8,5,7,1,nef,Node_1_246_345_3650,345,-87.3117022721377,-1406.80711688525,1232.18371234097
8,5,7,1,nef,Node_1_445_2746_3650,2746,4523.35635114491,3192.80853482389,5853.90416746592
8,5,7,1,nef,Node_1_107_1049_3650,1049,676.574819542305,-627.873734191396,1981.02337327601
8,5,7,1,nef,Node_1_935_760_3650,760,1628.62847900597,333.627975699162,2923.62898231278
8,5,7,1,nef,Node_1_56_2570_3650,2570,4032.1402246185,2714.29849208752,5349.98195714949
8,5,7,1,nef,Node_1_123_1491_3650,1491,1671.94458684602,377.1243666966,2966.76480699544
8,5,8,1,nef,Node_1_130_360_1825,360,268.006438787905,-855.918779924421,1391.93165750023
8,5,8,1,nef,Node_1_921_1795_1825,1795,2143.88347739286,1034.87681287789,3252.89014190782
8,5,8,1,nef,Node_1_1254_1412_1825,1412,1894.84722617746,785.870077105768,3003.82437524914
8,5,8,1,nef,Node_1_972_1682_1825,1682,924.165317278254,-190.59485019403,2038.92548475054
8,5,8,1,nef,Node_1_64_1154_1825,1154,1122.06019547621,9.23748090170398,2234.88291005071
8,5,8,1,nef,Node_1_373_1607_1825,1607,2179.38835767846,1070.32703166369,3288.44968369323
8,5,8,1,nef,Node_1_76_696_1825,696,791.900672335511,-324.369225365,1908.17057003602
8,5,8,1,nef,Node_1_963_638_1825,638,1193.06995604742,80.8481792654859,2305.29173282935
8,5,8,1,nef,Node_1_533_1340_1825,1340,1504.43699709755,394.259938542998,2614.6140556521
8,5,8,1,nef,Node_1_929_1174_1825,1174,1337.384742178,226.230362054236,2448.53912230177
8,5,8,1,nef,Node_1_123_1491_3650,1491,1062.02467062964,-51.3449948333136,2175.39433609259
8,5,8,1,nef,Node_1_572_749_3650,749,529.092831191148,-590.684508373161,1648.87017075546
8,5,8,1,nef,Node_1_30_2269_3650,2269,1342.764269494,231.645683680584,2453.88285530742
8,5,8,1,nef,Node_1_1154_3561_3650,3561,3635.16017641918,2513.09216538525,4757.22818745311
8,5,8,1,nef,Node_1_922_1683_3650,1683,2292.14325022184,1182.82488175051,3401.46161869317
8,5,8,1,nef,Node_1_166_1497_3650,1497,2083.34586333013,974.403366095978,3192.28836056427
8,5,8,1,nef,Node_1_429_3119_3650,3119,2866.31813241634,1753.72655494334,3978.90970988933
8,5,8,1,nef,Node_1_445_2746_3650,2746,2782.18232519408,1670.27513582944,3894.08951455872
8,5,8,1,nef,Node_1_609_2310_3650,2310,1750.60416707775,641.360825221913,2859.84750893359
8,5,8,1,nef,Node_1_611_3605_3650,3605,2941.34460671683,1828.0836823602,4054.60553107346
8,5,8,1,nef,Node_1_107_1049_3650,1049,1198.80811851782,86.6327233810032,2310.98351365464
8,5,8,1,nef,Node_1_805_2473_3650,2473,2692.45180956319,1581.19722100366,3803.70639812272
8,5,8,1,nef,Node_1_1100_2537_3650,2537,3293.09396615241,2175.95575118174,4410.23218112308
8,5,8,1,nef,Node_1_748_2042_3650,2042,1888.82215558353,779.838045445069,2997.806265722
8,5,8,1,nef,Node_1_56_2570_3650,2570,2514.49704594988,1404.30016324065,3624.69392865911
8,5,8,1,nef,Node_1_603_969_3650,969,918.140246684333,-196.684959387791,2032.96545275646
8,5,8,1,nef,Node_1_246_345_3650,345,265.137357552704,-858.837089053029,1389.11180415844
8,5,8,1,nef,Node_1_886_1206_3650,1206,798.786467299993,-317.400599162154,1914.97353376214
8,5,8,1,nef,Node_1_935_760_3650,760,795.630477941272,-320.594495193162,1911.85545107571
8,5,8,1,nef,Node_1_258_2556_3650,2556,2727.23941953999,1615.7413030302,3838.73753604979
8,5,9,1,nef,Node_1_921_1795_1825,1795,1621.09256467503,481.263492721128,2760.92163662893
8,5,9,1,nef,Node_1_972_1682_1825,1682,1525.55671781897,385.302394753347,2665.8110408846
8,5,9,1,nef,Node_1_373_1607_1825,1607,824.828588393393,-321.388287018707,1971.04546380549
8,5,9,1,nef,Node_1_533_1340_1825,1340,1302.58697416238,160.977184052488,2444.19676427226
8,5,9,1,nef,Node_1_64_1154_1825,1154,514.317298239032,-636.127989950371,1664.76258642844
8,5,9,1,nef,Node_1_130_360_1825,360,54.8429063588229,-1103.61703900263,1213.30285172028
8,5,9,1,nef,Node_1_963_638_1825,638,362.029833987952,-790.840883279162,1514.90055125507
8,5,9,1,nef,Node_1_76_696_1825,696,360.763410168816,-792.128441319645,1513.65526165728
8,5,9,1,nef,Node_1_1254_1412_1825,1412,979.094839861873,-165.381662243481,2123.57134196723
8,5,9,1,nef,Node_1_929_1174_1825,1174,1458.0404979613,317.429336638756,2598.65165928383
8,5,9,1,nef,Node_1_935_760_3650,760,825.620103280352,-320.587229953871,1971.82743651458
8,5,9,1,nef,Node_1_572_749_3650,749,1297.12552144235,155.476164406649,2438.77487847806
8,5,9,1,nef,Node_1_429_3119_3650,3119,3088.10197802821,1943.06350576592,4233.14045029051
8,5,9,1,nef,Node_1_922_1683_3650,1683,2084.52453099004,945.430797610771,3223.61826436931
8,5,9,1,nef,Node_1_748_2042_3650,2042,3841.60842855227,2685.41528649486,4997.80157060969
8,5,9,1,nef,Node_1_30_2269_3650,2269,2572.88921624428,1432.18706911433,3713.59136337424
8,5,9,1,nef,Node_1_805_2473_3650,2473,2639.613921215,1498.50249662505,3780.72534580496
8,5,9,1,nef,Node_1_123_1491_3650,1491,1947.2758495912,808.193945940004,3086.35775324239
8,5,9,1,nef,Node_1_56_2570_3650,2570,3256.36232113414,2109.32516756536,4403.39947470292
8,5,9,1,nef,Node_1_1154_3561_3650,3561,3843.19145832619,2686.9689532819,4999.41396337049
8,5,9,1,nef,Node_1_258_2556_3650,2556,3033.78833492102,1889.33404207364,4178.2426277684
8,5,9,1,nef,Node_1_166_1497_3650,1497,1984.23959481222,845.173523126799,3123.30566649765
8,5,9,1,nef,Node_1_246_345_3650,345,257.70817188664,-896.956593413211,1412.37293718649
8,5,9,1,nef,Node_1_886_1206_3650,1206,994.054471225415,-150.266049679957,2138.37499213079
8,5,9,1,nef,Node_1_445_2746_3650,2746,2967.45938739378,1823.67802538964,4111.24074939793
8,5,9,1,nef,Node_1_107_1049_3650,1049,1950.44190913904,811.36191051607,3089.521907762
8,5,9,1,nef,Node_1_1100_2537_3650,2537,4424.40083982083,3255.75259612004,5593.04908352162
8,5,9,1,nef,Node_1_609_2310_3650,2310,2723.98940816492,1582.29538920342,3865.68342712643
8,5,9,1,nef,Node_1_611_3605_3650,3605,3647.7664327358,2494.98238933291,4800.55047613869
8,5,9,1,nef,Node_1_603_969_3650,969,1459.06946731434,318.464094003986,2599.6748406247
8,5,10,1,nef,Node_1_373_1607_1825,1607,1117.03839050839,-138.539226588988,2372.61600760577
8,5,10,1,nef,Node_1_64_1154_1825,1154,-31.6257368077775,-1305.95888329739,1242.70740968184
8,5,10,1,nef,Node_1_533_1340_1825,1340,823.832173416938,-435.155653551398,2082.82000038527
8,5,10,1,nef,Node_1_972_1682_1825,1682,2362.34548202315,1110.51881049855,3614.17215354775
8,5,10,1,nef,Node_1_921_1795_1825,1795,2387.87812635006,1135.94573468646,3639.81051801367
8,5,10,1,nef,Node_1_1254_1412_1825,1412,1114.98053559249,-140.617683979254,2370.57875516424
8,5,10,1,nef,Node_1_963_638_1825,638,978.095075260739,-278.979505774496,2235.16965629597
8,5,10,1,nef,Node_1_76_696_1825,696,966.129030009021,-291.08451547773,2223.34257549577
8,5,10,1,nef,Node_1_929_1174_1825,1174,827.719232702528,-431.217147308763,2086.65561271382
8,5,10,1,nef,Node_1_130_360_1825,360,-32.2354715976743,-1306.5823774907,1242.11143429535
8,5,10,1,nef,Node_1_572_749_3650,749,679.32502821148,-581.693822994119,1940.34387941708
8,5,10,1,nef,Node_1_1100_2537_3650,2537,2658.8290236103,1405.32337960102,3912.33466761958
8,5,10,1,nef,Node_1_603_969_3650,969,392.139942170254,-873.596311825969,1657.87619616648
8,5,10,1,nef,Node_1_805_2473_3650,2473,2826.65852452929,1571.7655877325,4081.55146132609
8,5,10,1,nef,Node_1_258_2556_3650,2556,2055.34401531029,804.213797732877,3306.4742328877
8,5,10,1,nef,Node_1_611_3605_3650,3605,4091.93443041316,2816.56804705973,5367.30081376658
8,5,10,1,nef,Node_1_609_2310_3650,2310,2338.94690946087,1087.21068095747,3590.68313796427
8,5,10,1,nef,Node_1_166_1497_3650,1497,2666.60314218148,1413.04020082563,3920.16608353732
8,5,10,1,nef,Node_1_935_760_3650,760,249.919302426907,-1018.4861168705,1518.32472172431
8,5,10,1,nef,Node_1_56_2570_3650,2570,1723.34342221167,471.771174916446,2974.9156695069
8,5,10,1,nef,Node_1_445_2746_3650,2746,2469.2015039525,1216.88352221715,3721.51948568785
8,5,10,1,nef,Node_1_886_1206_3650,1206,1479.52572310183,226.838547496973,2732.21289870669
8,5,10,1,nef,Node_1_123_1491_3650,1491,2091.85188585534,840.694472450115,3343.00929926056
8,5,10,1,nef,Node_1_30_2269_3650,2269,2421.41353979437,1169.33115139666,3673.49592819207
8,5,10,1,nef,Node_1_429_3119_3650,3119,3236.55273703718,1976.95185953109,4496.15361454327
8,5,10,1,nef,Node_1_748_2042_3650,2042,3980.88648180327,2708.01353443009,5253.75942917645
8,5,10,1,nef,Node_1_1154_3561_3650,3561,4563.56429039806,3276.15613033729,5850.97245045883
8,5,10,1,nef,Node_1_922_1683_3650,1683,1911.90390598715,660.73509095189,3163.07272102241
8,5,10,1,nef,Node_1_246_345_3650,345,391.530207380356,-874.217021051366,1657.27743581208
8,5,10,1,nef,Node_1_107_1049_3650,1049,1555.05662020025,302.78628559021,2807.32695481029
8,5,11,1,nef,Node_1_373_1607_1825,1607,1740.25808461787,455.372474104153,3025.14369513158
8,5,11,1,nef,Node_1_533_1340_1825,1340,1370.91033108797,84.0954588207055,2657.72520335522
8,5,11,1,nef,Node_1_76_696_1825,696,468.658062086298,-829.442177447608,1766.7583016202
8,5,11,1,nef,Node_1_64_1154_1825,1154,1877.09340190037,592.522526259111,3161.66427754163
8,5,11,1,nef,Node_1_929_1174_1825,1174,1493.03988688008,207.037086432248,2779.04268732791
8,5,11,1,nef,Node_1_972_1682_1825,1682,2468.01393983726,1182.31510306352,3753.71277661099
8,5,11,1,nef,Node_1_963_638_1825,638,650.417687336385,-644.66579821529,1945.50117288806
8,5,11,1,nef,Node_1_1254_1412_1825,1412,1029.00137643647,-260.998515434101,2319.00126830704
8,5,11,1,nef,Node_1_130_360_1825,360,-402.389298386987,-1720.03260610707,915.2540093331
8,5,11,1,nef,Node_1_921_1795_1825,1795,1142.86492433602,-145.925444632819,2431.65529330486
8,5,11,1,nef,Node_1_748_2042_3650,2042,2481.28499288956,1195.51449254344,3767.05549323568
8,5,11,1,nef,Node_1_429_3119_3650,3119,5230.45536809549,3887.23097910807,6573.67975708292
8,5,11,1,nef,Node_1_166_1497_3650,1497,3054.36134462775,1763.56408942856,4345.15859982693
8,5,11,1,nef,Node_1_805_2473_3650,2473,2668.15576695033,1381.16061785379,3955.15091604687
8,5,11,1,nef,Node_1_123_1491_3650,1491,1373.15206302248,86.3536440615528,2659.9504819834
8,5,11,1,nef,Node_1_445_2746_3650,2746,3394.38724445426,2098.83456802101,4689.9399208875
8,5,11,1,nef,Node_1_886_1206_3650,1206,1920.13465504296,635.618004019368,3204.65130606656
8,5,11,1,nef,Node_1_572_749_3650,749,641.988775262627,-653.226382176328,1937.20393270158
8,5,11,1,nef,Node_1_935_760_3650,760,1003.08695527353,-287.208917681523,2293.38282822858
8,5,11,1,nef,Node_1_603_969_3650,969,818.36824386989,-474.259123958106,2110.99561169789
8,5,11,1,nef,Node_1_611_3605_3650,3605,4734.3152563497,3407.52243763887,6061.10807506053
8,5,11,1,nef,Node_1_609_2310_3650,2310,3040.82128374331,1750.18619084588,4331.45637664073
8,5,11,1,nef,Node_1_56_2570_3650,2570,3927.47109848078,2621.846098507,5233.09609845456
8,5,11,1,nef,Node_1_1100_2537_3650,2537,1187.80566667717,-100.548169252624,2476.15950260697
8,5,11,1,nef,Node_1_246_345_3650,345,-54.5621714283833,-1363.40362410798,1254.27928125121
8,5,11,1,nef,Node_1_1154_3561_3650,3561,3339.50964669745,2044.81309065716,4634.20620273774
8,5,11,1,nef,Node_1_107_1049_3650,1049,1194.26185464856,-94.0311708535141,2482.55488015064
8,5,11,1,nef,Node_1_258_2556_3650,2556,3457.96276211696,2161.3758179103,4754.54970632363
8,5,11,1,nef,Node_1_30_2269_3650,2269,1764.46878951058,479.654631312923,3049.28294770823
8,5,11,1,nef,Node_1_922_1683_3650,1683,2917.33025441692,1628.07754911606,4206.58295971777
8,5,12,1,nef,Node_1_972_1682_1825,1682,1841.76347858647,529.416258651941,3154.110698521
8,5,12,1,nef,Node_1_929_1174_1825,1174,1721.40571927593,408.737172487472,3034.0742660644
8,5,12,1,nef,Node_1_373_1607_1825,1607,955.780642704832,-362.925417364466,2274.48670277413
8,5,12,1,nef,Node_1_64_1154_1825,1154,1391.50164575907,77.0760163485313,2705.92727516961
8,5,12,1,nef,Node_1_76_696_1825,696,218.301429704555,-1112.6689830622,1549.27184247131
8,5,12,1,nef,Node_1_130_360_1825,360,811.596078171932,-509.014476779469,2132.20663312333
8,5,12,1,nef,Node_1_921_1795_1825,1795,1730.61971041932,417.981810461871,3043.25761037678
8,5,12,1,nef,Node_1_963_638_1825,638,362.62996284907,-965.449345901639,1690.70927159978
8,5,12,1,nef,Node_1_533_1340_1825,1340,1258.40266432056,-57.0945431945981,2573.89987183572
8,5,12,1,nef,Node_1_1254_1412_1825,1412,2034.82538676283,722.636089329343,3347.01468419631
8,5,12,1,nef,Node_1_572_749_3650,749,659.061334165335,-663.826384965813,1981.94905329648
8,5,12,1,nef,Node_1_107_1049_3650,1049,1260.99409932964,-54.4802590605293,2576.46845771981
8,5,12,1,nef,Node_1_258_2556_3650,2556,3141.94401008584,1822.17480245305,4461.71321771862
8,5,12,1,nef,Node_1_166_1497_3650,1497,2528.42177168649,1214.63407064188,3842.20947273109
8,5,12,1,nef,Node_1_123_1491_3650,1491,2511.64942843328,1197.96322092195,3825.33563594462
8,5,12,1,nef,Node_1_748_2042_3650,2042,2811.82398365155,1495.82111035277,4127.82685695033
8,5,12,1,nef,Node_1_805_2473_3650,2473,3003.66215862917,1685.62537632921,4321.69894092913
8,5,12,1,nef,Node_1_246_345_3650,345,657.62164804918,-665.288844754958,1980.53214085332
8,5,12,1,nef,Node_1_886_1206_3650,1206,957.292313126794,-361.395060404734,2275.97968665832
8,5,12,1,nef,Node_1_56_2570_3650,2570,3412.60499992293,2088.80286641958,4736.40713342628
8,5,12,1,nef,Node_1_1100_2537_3650,2537,3116.38958152409,1796.95728590194,4435.82187714624
8,5,12,1,nef,Node_1_429_3119_3650,3119,3450.97263491846,2126.53037752041,4775.4148923165
8,5,12,1,nef,Node_1_603_969_3650,969,1098.95742695642,-218.097014478561,2416.01186839141
8,5,12,1,nef,Node_1_611_3605_3650,3605,4623.74094513813,3271.70731605277,5975.77457422348
8,5,12,1,nef,Node_1_609_2310_3650,2310,1856.37629266544,544.056435268834,3168.69615006205
8,5,12,1,nef,Node_1_445_2746_3650,2746,2353.28395565626,1040.39259629713,3666.17531501539
8,5,12,1,nef,Node_1_30_2269_3650,2269,2973.50073449573,1655.81222195667,4291.18924703479
8,5,12,1,nef,Node_1_1154_3561_3650,3561,4880.14904242529,3520.06650494111,6240.23157990947
8,5,12,1,nef,Node_1_922_1683_3650,1683,989.685250740277,-328.608094290251,2307.9785957708
8,5,12,1,nef,Node_1_935_760_3650,760,366.661083974303,-961.340877933864,1694.66304588247
8,5,13,1,nef,Node_1_921_1795_1825,1795,2203.30928241122,1033.83821361976,3372.78035120268
8,5,13,1,nef,Node_1_373_1607_1825,1607,1322.84435740351,151.109099506028,2494.579615301
8,5,13,1,nef,Node_1_64_1154_1825,1154,604.617537317864,-574.971008674791,1784.20608331052
8,5,13,1,nef,Node_1_1254_1412_1825,1412,1765.24398022185,595.665778585443,2934.82218185825
8,5,13,1,nef,Node_1_533_1340_1825,1340,1735.65103247927,565.992730596533,2905.30933436201
8,5,13,1,nef,Node_1_76_696_1825,696,1178.98975032154,6.11106944465291,2351.86843119842
8,5,13,1,nef,Node_1_963_638_1825,638,751.311871708471,-426.238572092594,1928.86231550954
8,5,13,1,nef,Node_1_130_360_1825,360,-76.3191794254944,-1268.23778117907,1115.59942232808
8,5,13,1,nef,Node_1_972_1682_1825,1682,1757.32263562409,587.723896313475,2926.9213749347
8,5,13,1,nef,Node_1_929_1174_1825,1174,1765.76708788396,596.190219263792,2935.34395650414
8,5,13,1,nef,Node_1_1100_2537_3650,2537,2929.23325809658,1755.49823387554,4102.96828231762
8,5,13,1,nef,Node_1_922_1683_3650,1683,1320.15408942691,148.399433616913,2491.90874523691
8,5,13,1,nef,Node_1_748_2042_3650,2042,2482.1256663192,1311.67072066008,3652.58061197832
8,5,13,1,nef,Node_1_935_760_3650,760,615.229149892223,-564.204541923412,1794.66284170786
8,5,13,1,nef,Node_1_246_345_3650,345,196.294642203102,-990.125357063367,1382.71464146957
8,5,13,1,nef,Node_1_30_2269_3650,2269,2027.61983760617,858.348544414423,3196.89113079792
8,5,13,1,nef,Node_1_258_2556_3650,2556,3428.05377875746,2248.20479357452,4607.90276394039
8,5,13,1,nef,Node_1_56_2570_3650,2570,2464.78838380334,1294.41844538114,3635.15832222555
8,5,13,1,nef,Node_1_166_1497_3650,1497,2333.26417161411,1163.43624903631,3503.09209419191
8,5,13,1,nef,Node_1_572_749_3650,749,333.722498007649,-850.209041641735,1517.65403765703
8,5,13,1,nef,Node_1_805_2473_3650,2473,3275.67998974959,2097.97125046522,4453.38872903395
8,5,13,1,nef,Node_1_886_1206_3650,1206,1467.07261281557,296.266313839975,2637.87891179117
8,5,13,1,nef,Node_1_107_1049_3650,1049,1182.12839629423,9.27696982275484,2354.97982276571
8,5,13,1,nef,Node_1_445_2746_3650,2746,1754.63236764749,585.026503054079,2924.2382322409
8,5,13,1,nef,Node_1_123_1491_3650,1491,1176.67313067502,3.7742675064344,2349.57199384361
8,5,13,1,nef,Node_1_429_3119_3650,3119,2502.22794647766,1331.67048478865,3672.78540816668
8,5,13,1,nef,Node_1_1154_3561_3650,3561,2674.03144864985,1502.42489903263,3845.63799826708
8,5,13,1,nef,Node_1_609_2310_3650,2310,2051.83224939555,882.552737635542,3221.11176115556
8,5,13,1,nef,Node_1_611_3605_3650,3605,4263.2325261591,3067.46583354752,5458.99921877068
8,5,13,1,nef,Node_1_603_969_3650,969,202.908620026889,-983.387245754412,1389.20448580819
8,5,14,1,nef,Node_1_921_1795_1825,1795,1411.37388711966,17.5082592304977,2805.23951500883
8,5,14,1,nef,Node_1_1254_1412_1825,1412,1127.76002056378,-268.722637419376,2524.24267854694
8,5,14,1,nef,Node_1_130_360_1825,360,543.902964453325,-861.099811977642,1948.90574088429
8,5,14,1,nef,Node_1_972_1682_1825,1682,1727.10218020056,334.969514750221,3119.2348456509
8,5,14,1,nef,Node_1_64_1154_1825,1154,823.550203504925,-576.848397139765,2223.94880414962
8,5,14,1,nef,Node_1_929_1174_1825,1174,694.405965721412,-707.999883303606,2096.81181474643
8,5,14,1,nef,Node_1_76_696_1825,696,692.270089372955,-710.17067678667,2094.71085553258
8,5,14,1,nef,Node_1_963_638_1825,638,402.782562858819,-1004.90593103128,1810.47105674892
8,5,14,1,nef,Node_1_373_1607_1825,1607,2193.4097558477,801.553195597883,3585.26631609752
8,5,14,1,nef,Node_1_533_1340_1825,1340,-630.831749802664,-2065.43930949738,803.775809892058
8,5,14,1,nef,Node_1_922_1683_3650,1683,1856.47526187855,464.692367131023,3248.25815662608
8,5,14,1,nef,Node_1_123_1491_3650,1491,1429.52883608155,35.7966099977414,2823.26106216536
8,5,14,1,nef,Node_1_166_1497_3650,1497,1425.18080208648,31.4170013869173,2818.94460278603
8,5,14,1,nef,Node_1_886_1206_3650,1206,1889.04737619253,497.319494789182,3280.77525759587
8,5,14,1,nef,Node_1_935_760_3650,760,259.602566214014,-1151.0573477314,1670.26248015943
8,5,14,1,nef,Node_1_258_2556_3650,2556,2490.8305373704,1097.72708998657,3883.93398475422
8,5,14,1,nef,Node_1_748_2042_3650,2042,2795.26919832373,1399.74482451395,4190.79357213352
8,5,14,1,nef,Node_1_246_345_3650,345,-164.521451551096,-1585.42458375834,1256.38168065615
8,5,14,1,nef,Node_1_56_2570_3650,2570,1262.24394921844,-132.872986841773,2657.36088527865
8,5,14,1,nef,Node_1_572_749_3650,749,544.208089645962,-860.789142178818,1949.20532147074
8,5,14,1,nef,Node_1_107_1049_3650,1049,1269.94836033252,-125.097144600072,2664.99386526511
8,5,14,1,nef,Node_1_805_2473_3650,2473,2864.6851796486,1468.44725059531,4260.92310870188
8,5,14,1,nef,Node_1_611_3605_3650,3605,4335.61745205231,2910.40847469711,5760.8264294075
8,5,14,1,nef,Node_1_609_2310_3650,2310,2231.24527973466,839.291585515892,3623.19897395343
8,5,14,1,nef,Node_1_429_3119_3650,3119,3246.77820212799,1845.5447215024,4648.01168275358
8,5,14,1,nef,Node_1_1100_2537_3650,2537,1576.75174152879,183.949282234425,2969.55420082316
8,5,14,1,nef,Node_1_1154_3561_3650,3561,4507.40293550681,3077.12675442975,5937.67911658387
8,5,14,1,nef,Node_1_30_2269_3650,2269,1861.28098366258,469.507041820232,3253.05492550493
8,5,14,1,nef,Node_1_445_2746_3650,2746,2032.68506062629,641.041148520271,3424.3289727323
8,5,14,1,nef,Node_1_603_969_3650,969,116.575132165529,-1297.2993751073,1530.44963943835
8,5,15,1,nef,Node_1_921_1795_1825,1795,2135.53644262767,823.009198323077,3448.06368693227
8,5,15,1,nef,Node_1_963_638_1825,638,346.500592893078,-982.138538850624,1675.13972463678
8,5,15,1,nef,Node_1_130_360_1825,360,59.2040147462136,-1275.47628752906,1393.88431702149
8,5,15,1,nef,Node_1_76_696_1825,696,490.570137946198,-835.392856155536,1816.53313204793
8,5,15,1,nef,Node_1_533_1340_1825,1340,1531.99151172997,218.225249211279,2845.75777424865
8,5,15,1,nef,Node_1_929_1174_1825,1174,798.546555095902,-522.49534738701,2119.58845757881
8,5,15,1,nef,Node_1_64_1154_1825,1154,778.862412045051,-542.461248225379,2100.18607231548
8,5,15,1,nef,Node_1_972_1682_1825,1682,1675.44832081263,362.366367763413,2988.53027386185
8,5,15,1,nef,Node_1_373_1607_1825,1607,1248.60112539475,-67.2293094159083,2564.43156020541
8,5,15,1,nef,Node_1_1254_1412_1825,1412,1229.07016633651,-86.93728859987,2545.07762127289
8,5,15,1,nef,Node_1_922_1683_3650,1683,2081.23271724614,768.77023912052,3393.69519537176
8,5,15,1,nef,Node_1_935_760_3650,760,1081.78375743851,-235.702562969269,2399.27007784628
8,5,15,1,nef,Node_1_258_2556_3650,2556,3275.60830765462,1953.70614308067,4597.51047222857
8,5,15,1,nef,Node_1_123_1491_3650,1491,2020.1123041933,707.681022384678,3332.54358600192
8,5,15,1,nef,Node_1_429_3119_3650,3119,2934.77392408929,1617.27060699182,4252.27724118676
8,5,15,1,nef,Node_1_748_2042_3650,2042,2609.94726775209,1295.37320285326,3924.52133265092
8,5,15,1,nef,Node_1_246_345_3650,345,348.415392800748,-980.186616805325,1677.01740240682
8,5,15,1,nef,Node_1_572_749_3650,749,784.453627775448,-536.789543551198,2105.69679910209
8,5,15,1,nef,Node_1_166_1497_3650,1497,1681.8820485024,368.825095696893,2994.93900130792
8,5,15,1,nef,Node_1_1154_3561_3650,3561,3409.87407718047,2085.86923872528,4733.87891563565
8,5,15,1,nef,Node_1_805_2473_3650,2473,2616.61077143078,1301.98906174242,3931.23248111914
8,5,15,1,nef,Node_1_886_1206_3650,1206,1534.28927161917,220.535882339754,2848.04266089859
8,5,15,1,nef,Node_1_107_1049_3650,1049,1076.95846167118,-240.580602230485,2394.49752557284
8,5,15,1,nef,Node_1_30_2269_3650,2269,2781.66652347197,1465.69809103313,4097.63495591081
8,5,15,1,nef,Node_1_56_2570_3650,2570,1375.97361525298,61.1877978562115,2690.75943264976
8,5,15,1,nef,Node_1_445_2746_3650,2746,4031.34153521397,2694.91808647667,5367.76498395126
8,5,15,1,nef,Node_1_1100_2537_3650,2537,2022.48665607881,710.054986903168,3334.91832525446
8,5,15,1,nef,Node_1_611_3605_3650,3605,3517.63901598415,2191.79630258639,4843.48172938192
8,5,15,1,nef,Node_1_609_2310_3650,2310,2015.5933764112,703.162647710534,3328.02410511186
8,5,15,1,nef,Node_1_603_969_3650,969,1517.51562442798,203.666829600847,2831.36441925511
8,5,16,1,nef,Node_1_76_696_1825,696,1055.5654253681,-322.930892106203,2434.06174284239
8,5,16,1,nef,Node_1_972_1682_1825,1682,2810.30190089703,1433.41816831193,4187.18563348214
8,5,16,1,nef,Node_1_130_360_1825,360,56.1571091382177,-1340.09448144985,1452.40869972629
8,5,16,1,nef,Node_1_1254_1412_1825,1412,780.966230192603,-601.209301833815,2163.14176221902
8,5,16,1,nef,Node_1_533_1340_1825,1340,769.205938859549,-613.147627143127,2151.55950486222
8,5,16,1,nef,Node_1_963_638_1825,638,481.692067925672,-905.533623452189,1868.91775930353
8,5,16,1,nef,Node_1_921_1795_1825,1795,1835.92929689151,462.84312712551,3209.01546665751
8,5,16,1,nef,Node_1_64_1154_1825,1154,1469.98943406174,95.2998570720868,2844.6790110514
8,5,16,1,nef,Node_1_373_1607_1825,1607,1498.19970345576,123.692511423765,2872.70689548775
8,5,16,1,nef,Node_1_929_1174_1825,1174,1812.62516130515,439.486192540018,3185.76413007028
8,5,16,1,nef,Node_1_123_1491_3650,1491,1208.30491464464,-168.543190602888,2585.15301989216
8,5,16,1,nef,Node_1_1100_2537_3650,2537,3828.68541111828,2435.42258997983,5221.94823225673
8,5,16,1,nef,Node_1_805_2473_3650,2473,3061.452662433,1681.69663928278,4441.20868558322
8,5,16,1,nef,Node_1_886_1206_3650,1206,1516.16481107496,141.768655511484,2890.56096663844
8,5,16,1,nef,Node_1_30_2269_3650,2269,2954.3835069836,1575.94625851087,4332.82075545632
8,5,16,1,nef,Node_1_572_749_3650,749,765.81493461014,-616.590277607835,2148.22014682812
8,5,16,1,nef,Node_1_1154_3561_3650,3561,5054.28092568635,3625.1264979317,6483.435353441
8,5,16,1,nef,Node_1_748_2042_3650,2042,2174.01963546018,800.944024364119,3547.09524655624
8,5,16,1,nef,Node_1_107_1049_3650,1049,780.172590900189,-602.014902951745,2162.36008475212
8,5,16,1,nef,Node_1_166_1497_3650,1497,1654.33019698171,280.654971012219,3028.00542295119
8,5,16,1,nef,Node_1_258_2556_3650,2556,1975.53766332992,602.6271911319,3348.44813552794
8,5,16,1,nef,Node_1_922_1683_3650,1683,1816.44905971406,443.319214974156,3189.57890445396
8,5,16,1,nef,Node_1_429_3119_3650,3119,2961.38196256216,1582.86278837639,4339.90113674794
8,5,16,1,nef,Node_1_445_2746_3650,2746,3650.62161351105,2261.12266887947,5040.12055814263
8,5,16,1,nef,Node_1_56_2570_3650,2570,3141.61023096689,1760.77545563358,4522.44500630019
8,5,16,1,nef,Node_1_935_760_3650,760,764.949146291143,-617.469274518468,2147.36756710075
8,5,16,1,nef,Node_1_246_345_3650,345,-84.0284495128544,-1483.72182691021,1315.6649278845
8,5,16,1,nef,Node_1_609_2310_3650,2310,1764.57390960077,391.304883241208,3137.84293596033
8,5,16,1,nef,Node_1_611_3605_3650,3605,2472.35586038153,1098.11611096395,3846.59560979912
8,5,16,1,nef,Node_1_603_969_3650,969,1475.90565424156,101.255139350837,2850.55616913229
8,5,17,1,nef,Node_1_533_1340_1825,1340,2316.05341298033,845.189839794414,3786.91698616625
8,5,17,1,nef,Node_1_1254_1412_1825,1412,1201.04126530294,-273.492543119254,2675.57507372513
8,5,17,1,nef,Node_1_929_1174_1825,1174,597.493244986002,-885.847087833217,2080.83357780522
8,5,17,1,nef,Node_1_921_1795_1825,1795,1649.33550292806,178.253003631747,3120.41800222437
8,5,17,1,nef,Node_1_972_1682_1825,1682,2392.02686425934,920.814790906197,3863.23893761248
8,5,17,1,nef,Node_1_130_360_1825,360,157.593395392822,-1335.12966535046,1650.3164561361
8,5,17,1,nef,Node_1_963_638_1825,638,454.788648442957,-1031.32413136756,1940.90142825347
8,5,17,1,nef,Node_1_373_1607_1825,1607,1969.59412511646,499.351359483276,3439.83689074965
8,5,17,1,nef,Node_1_76_696_1825,696,757.071409391238,-723.479751383519,2237.622570166
8,5,17,1,nef,Node_1_64_1154_1825,1154,368.399540232778,-1119.51859294229,1856.31767340784
8,5,17,1,nef,Node_1_30_2269_3650,2269,2492.33556165115,1020.54650869829,3964.12461460401
8,5,17,1,nef,Node_1_123_1491_3650,1491,1974.85121661122,504.610907179426,3445.09152604301
8,5,17,1,nef,Node_1_805_2473_3650,2473,2916.04017776856,1440.3508766122,4391.72947892492
8,5,17,1,nef,Node_1_166_1497_3650,1497,756.817033996331,-723.738310526883,2237.37237851954
8,5,17,1,nef,Node_1_609_2310_3650,2310,1826.46556958191,356.015306029784,3296.91583313403
8,5,17,1,nef,Node_1_611_3605_3650,3605,3108.09360092364,1629.86073213875,4586.32646970853
8,5,17,1,nef,Node_1_603_969_3650,969,1186.96582678473,-287.719181719752,2661.65083528921
8,5,17,1,nef,Node_1_258_2556_3650,2556,1977.14059516538,506.901240963368,3447.3799493674
8,5,17,1,nef,Node_1_246_345_3650,345,303.265704876454,-1186.07666151146,1792.60807126437
8,5,17,1,nef,Node_1_1100_2537_3650,2537,2509.88746389976,1037.98379146983,3981.7911363297
8,5,17,1,nef,Node_1_748_2042_3650,2042,1600.58021890414,129.250866308054,3071.90957150023
8,5,17,1,nef,Node_1_445_2746_3650,2746,2290.8702488845,820.105348987844,3761.63514878115
8,5,17,1,nef,Node_1_922_1683_3650,1683,1349.08774513904,-124.013429489462,2822.18891976754
8,5,17,1,nef,Node_1_886_1206_3650,1206,1992.31832706152,522.083550105449,3462.5531040176
8,5,17,1,nef,Node_1_1154_3561_3650,3561,4451.61964502617,2942.34619853395,5960.89309151839
8,5,17,1,nef,Node_1_429_3119_3650,3119,5628.52980546436,4073.89145562155,7183.16815530718
8,5,17,1,nef,Node_1_572_749_3650,749,304.707165447596,-1184.60309614315,1794.01742703834
8,5,17,1,nef,Node_1_935_760_3650,760,455.890941820888,-1030.1994199992,1941.98130364097
8,5,17,1,nef,Node_1_107_1049_3650,1049,1523.58926604551,51.8061397200197,2995.37239237099
8,5,17,1,nef,Node_1_56_2570_3650,2570,3428.28116557377,1944.74065667486,4911.82167447269
8,5,18,1,nef,Node_1_929_1174_1825,1174,1446.14819402698,-0.0847261265314501,2892.3811141805
8,5,18,1,nef,Node_1_373_1607_1825,1607,1610.58888127788,165.37987604947,3055.79788650629
8,5,18,1,nef,Node_1_1254_1412_1825,1412,1596.35258103903,151.068801494294,3041.63636058377
8,5,18,1,nef,Node_1_963_638_1825,638,121.715492127047,-1345.41891532142,1588.84989957551
8,5,18,1,nef,Node_1_972_1682_1825,1682,1902.09045140922,457.83355974216,3346.34734307628
8,5,18,1,nef,Node_1_76_696_1825,696,410.933163824343,-1049.73816359916,1871.60449124784
8,5,18,1,nef,Node_1_533_1340_1825,1340,1861.89383897011,417.571319113449,3306.21635882677
8,5,18,1,nef,Node_1_130_360_1825,360,-163.086642597771,-1637.59966224191,1311.42637704637
8,5,18,1,nef,Node_1_64_1154_1825,1154,844.493216552983,-608.463010362883,2297.44944346885
8,5,18,1,nef,Node_1_921_1795_1825,1795,1145.51103015949,-303.498730675553,2594.52079099453
8,5,18,1,nef,Node_1_445_2746_3650,2746,2515.69783068803,1069.8342351813,3961.56142619476
8,5,18,1,nef,Node_1_30_2269_3650,2269,2819.68471225879,1371.21561994499,4268.15380457258
8,5,18,1,nef,Node_1_886_1206_3650,1206,1748.91699643292,304.297501738611,3193.53649112723
8,5,18,1,nef,Node_1_572_749_3650,749,1894.40132668128,450.133506704873,3338.66914665769
8,5,18,1,nef,Node_1_258_2556_3650,2556,2786.263665174,1338.1394568207,4234.3878735273
8,5,18,1,nef,Node_1_429_3119_3650,3119,3287.73163134143,1832.9248115251,4742.53845115777
8,5,18,1,nef,Node_1_935_760_3650,760,555.960714385899,-901.864804056418,2013.78623282821
8,5,18,1,nef,Node_1_107_1049_3650,1049,849.213273316666,-603.672111777784,2302.09865841112
8,5,18,1,nef,Node_1_1154_3561_3650,3561,3067.48769235215,1616.01288954531,4518.96249515899
8,5,18,1,nef,Node_1_805_2473_3650,2473,1740.92335191378,296.27655908359,3185.57014474397
8,5,18,1,nef,Node_1_166_1497_3650,1497,2195.79979002679,751.384552290342,3640.21502776325
8,5,18,1,nef,Node_1_748_2042_3650,2042,3276.99730870145,1822.36723264711,4731.62738475578
8,5,18,1,nef,Node_1_246_345_3650,345,264.992053889172,-1198.80996667339,1728.79407445174
8,5,18,1,nef,Node_1_56_2570_3650,2570,3395.53163742813,1938.86863991664,4852.19463493962
8,5,18,1,nef,Node_1_123_1491_3650,1491,2071.70797511061,627.496540497888,3515.91940972333
8,5,18,1,nef,Node_1_922_1683_3650,1683,1282.6210661497,-164.977442480443,2730.21957477985
8,5,18,1,nef,Node_1_611_3605_3650,3605,4879.98948960649,3383.09468879882,6376.88429041416
8,5,18,1,nef,Node_1_609_2310_3650,2310,3418.29449182073,1961.22068838343,4875.36829525804
8,5,18,1,nef,Node_1_603_969_3650,969,1563.46444358885,117.997865759457,3008.93102141825
8,5,18,1,nef,Node_1_1100_2537_3650,2537,2052.29483842127,608.097168265875,3496.49250857666
8,5,19,1,nef,Node_1_963_638_1825,638,610.136060280501,-800.417638100887,2020.68975866189
8,5,19,1,nef,Node_1_533_1340_1825,1340,1416.05062174111,15.5397902984473,2816.56145318377
8,5,19,1,nef,Node_1_972_1682_1825,1682,1583.50067035565,184.059480257541,2982.94186045375
8,5,19,1,nef,Node_1_130_360_1825,360,140.854097676557,-1279.23077481173,1560.93897016484
8,5,19,1,nef,Node_1_373_1607_1825,1607,3130.32331916335,1724.09607238537,4536.55056594132
8,5,19,1,nef,Node_1_76_696_1825,696,610.437364911387,-800.111076624655,2020.98580644743
8,5,19,1,nef,Node_1_929_1174_1825,1174,1253.6474256939,-148.236595391948,2655.53144677975
8,5,19,1,nef,Node_1_64_1154_1825,1154,947.521920714379,-457.845957759839,2352.8897991886
8,5,19,1,nef,Node_1_1254_1412_1825,1412,875.359461617336,-530.999357797926,2281.7182810326
8,5,19,1,nef,Node_1_921_1795_1825,1795,1190.07214857709,-212.439277848081,2592.58357500227
8,5,19,1,nef,Node_1_609_2310_3650,2310,3602.54300191842,2188.30088864758,5016.78511518927
8,5,19,1,nef,Node_1_611_3605_3650,3605,4676.618684867,3234.13779241975,6119.09957731425
8,5,19,1,nef,Node_1_603_969_3650,969,926.882553498733,-478.762155326018,2332.52726232348
8,5,19,1,nef,Node_1_30_2269_3650,2269,2537.28047942324,1137.20451584209,3937.3564430044
8,5,19,1,nef,Node_1_107_1049_3650,1049,1247.84731154936,-154.091855706357,2649.78647880508
8,5,19,1,nef,Node_1_935_760_3650,760,452.252433696574,-961.208779372976,1865.71364676612
8,5,19,1,nef,Node_1_886_1206_3650,1206,1102.24184867401,-301.219334886004,2505.70303223403
8,5,19,1,nef,Node_1_748_2042_3650,2042,3480.21332177897,2068.31006569796,4892.11657785997
8,5,19,1,nef,Node_1_572_749_3650,749,614.053020482011,-796.432425808323,2024.53846677234
8,5,19,1,nef,Node_1_246_345_3650,345,-15.0710488066144,-1438.91174852104,1408.76965090782
8,5,19,1,nef,Node_1_166_1497_3650,1497,1417.55714489554,17.0575052722252,2818.05678451885
8,5,19,1,nef,Node_1_1154_3561_3650,3561,3477.12494931239,2065.27837476031,4888.97152386448
8,5,19,1,nef,Node_1_805_2473_3650,2473,2772.82537461787,1370.83186603088,4174.81888320486
8,5,19,1,nef,Node_1_123_1491_3650,1491,1764.20812272914,365.525982158435,3162.89026329985
8,5,19,1,nef,Node_1_1100_2537_3650,2537,3716.21017391992,2299.63150690316,5132.78884093668
8,5,19,1,nef,Node_1_258_2556_3650,2556,3127.23494669677,1721.05107498024,4533.41881841331
8,5,19,1,nef,Node_1_56_2570_3650,2570,2381.12935446691,981.941019976984,3780.31768895683
8,5,19,1,nef,Node_1_445_2746_3650,2746,1862.43343239777,463.99150118964,3260.87536360589
8,5,19,1,nef,Node_1_922_1683_3650,1683,874.98283082873,-531.381329763032,2281.34699142049
8,5,19,1,nef,Node_1_429_3119_3650,3119,2328.36971952127,929.412032440197,3727.32740660234
8,5,20,1,nef,Node_1_1254_1412_1825,1412,1538.3094076279,447.750837141339,2628.86797811447
8,5,20,1,nef,Node_1_533_1340_1825,1340,830.32518841246,-265.932584130719,1926.58296095564
8,5,20,1,nef,Node_1_64_1154_1825,1154,1500.45930909902,409.719612428642,2591.1990057694
8,5,20,1,nef,Node_1_373_1607_1825,1607,1680.19106409358,590.186633850026,2770.19549433714
8,5,20,1,nef,Node_1_929_1174_1825,1174,1251.92282054107,159.646096349288,2344.19954473285
8,5,20,1,nef,Node_1_130_360_1825,360,291.05497273862,-812.786518036617,1394.89646351386
8,5,20,1,nef,Node_1_963_638_1825,638,694.739389919899,-403.163551209733,1792.64233104953
8,5,20,1,nef,Node_1_76_696_1825,696,696.912959934429,-400.962214922417,1794.78813479128
8,5,20,1,nef,Node_1_972_1682_1825,1682,1684.23840136202,594.246885828387,2774.22991689565
8,5,20,1,nef,Node_1_921_1795_1825,1795,2720.65654484192,1628.68481707474,3812.6282726091
8,5,20,1,nef,Node_1_123_1491_3650,1491,1395.90309633113,304.590272999734,2487.21591966252
8,5,20,1,nef,Node_1_56_2570_3650,2570,1687.31137965842,597.329562518747,2777.2931967981
8,5,20,1,nef,Node_1_1100_2537_3650,2537,2166.24628975652,1076.64378480168,3255.84879471137
8,5,20,1,nef,Node_1_886_1206_3650,1206,1693.23248418076,603.269093221034,2783.19587514049
8,5,20,1,nef,Node_1_429_3119_3650,3119,2697.87153503443,1606.05638739052,3789.68668267835
8,5,20,1,nef,Node_1_748_2042_3650,2042,1964.47903185604,874.991099401256,3053.96696431083
8,5,20,1,nef,Node_1_30_2269_3650,2269,1655.45733634204,565.370494932491,2745.54417775159
8,5,20,1,nef,Node_1_611_3605_3650,3605,3203.78869358877,2107.30970250785,4300.26768466968
8,5,20,1,nef,Node_1_609_2310_3650,2310,1242.17923082077,149.829976487371,2334.52848515416
8,5,20,1,nef,Node_1_603_969_3650,969,833.248265328552,-262.975986584406,1929.47251724151
8,5,20,1,nef,Node_1_1154_3561_3650,3561,3852.71176896112,2746.65126788719,4958.77227003506
8,5,20,1,nef,Node_1_246_345_3650,345,291.279824809088,-812.557927711168,1395.11757732934
8,5,20,1,nef,Node_1_258_2556_3650,2556,3312.54214500541,2214.73759817508,4410.34669183573
8,5,20,1,nef,Node_1_107_1049_3650,1049,977.978048020169,-116.689591399554,2072.64568743989
8,5,20,1,nef,Node_1_922_1683_3650,1683,2380.83011567372,1290.66754646859,3470.99268487884
8,5,20,1,nef,Node_1_935_760_3650,760,1259.94254438778,167.724824393471,2352.1602643821
8,5,20,1,nef,Node_1_166_1497_3650,1497,2009.07469249898,919.595829976743,3098.55355502121
8,5,20,1,nef,Node_1_572_749_3650,749,695.338995441149,-402.556281501522,1793.23427238382
8,5,20,1,nef,Node_1_805_2473_3650,2473,2432.0214370504,1341.65858957232,3522.38428452848
8,5,20,1,nef,Node_1_445_2746_3650,2746,2912.155558191,1818.66807729822,4005.64303908379
8,5,21,1,nef,Node_1_64_1154_1825,1154,1104.19816115471,-337.254063010301,2545.65038531973
8,5,21,1,nef,Node_1_130_360_1825,360,126.608343628769,-1332.28064600371,1585.49733326124
8,5,21,1,nef,Node_1_1254_1412_1825,1412,1568.18414403485,130.752530549631,3005.61575752008
8,5,21,1,nef,Node_1_921_1795_1825,1795,1559.39764945135,121.915642049171,2996.87965685353
8,5,21,1,nef,Node_1_972_1682_1825,1682,2029.80737206901,593.620451920052,3465.99429221797
8,5,21,1,nef,Node_1_963_638_1825,638,690.273046573865,-757.090943240993,2137.63703638872
8,5,21,1,nef,Node_1_76_696_1825,696,128.897262385817,-1329.93692798964,1587.73145276128
8,5,21,1,nef,Node_1_533_1340_1825,1340,1511.84720817592,74.0752017068512,2949.61921464499
8,5,21,1,nef,Node_1_373_1607_1825,1607,846.21486640882,-598.666118942201,2291.09585175984
8,5,21,1,nef,Node_1_929_1174_1825,1174,272.434619279355,-1183.09261266527,1727.96185122398
8,5,21,1,nef,Node_1_445_2746_3650,2746,3427.74604391332,1978.57301726896,4876.91907055769
8,5,21,1,nef,Node_1_56_2570_3650,2570,3289.00803280069,1842.23998076023,4735.77608484115
8,5,21,1,nef,Node_1_1100_2537_3650,2537,2014.44946557011,578.265451971258,3450.63347916897
8,5,21,1,nef,Node_1_123_1491_3650,1491,1120.66360898767,-320.598631003911,2561.92584897925
8,5,21,1,nef,Node_1_805_2473_3650,2473,3406.11206985478,1957.33004325944,4854.89409645012
8,5,21,1,nef,Node_1_748_2042_3650,2042,2272.94961293857,836.310174800147,3709.58905107699
8,5,21,1,nef,Node_1_258_2556_3650,2556,2444.69235580604,1007.27277193927,3882.11193967281
8,5,21,1,nef,Node_1_1154_3561_3650,3561,2767.50373663863,1327.58850859737,4207.41896467988
8,5,21,1,nef,Node_1_935_760_3650,760,1118.00550978593,-323.28716542229,2559.29818499416
8,5,21,1,nef,Node_1_603_969_3650,969,267.487601320575,-1188.14935427568,1723.12455691683
8,5,21,1,nef,Node_1_429_3119_3650,3119,3641.35384920808,2188.00459908811,5094.70309932805
8,5,21,1,nef,Node_1_107_1049_3650,1049,833.515059111655,-611.556605058787,2278.5867232821
8,5,21,1,nef,Node_1_922_1683_3650,1683,1115.49508276208,-325.826419861226,2556.81658538538
8,5,21,1,nef,Node_1_886_1206_3650,1206,1701.53212065509,264.74296834421,3138.32127296596
8,5,21,1,nef,Node_1_572_749_3650,749,193.65151238357,-1263.65921159574,1650.96223636288
8,5,21,1,nef,Node_1_246_345_3650,345,-11.0959622387447,-1473.40044708086,1451.20852260337
8,5,21,1,nef,Node_1_166_1497_3650,1497,1266.41604854932,-173.3159303643,2706.14802746293
8,5,21,1,nef,Node_1_611_3605_3650,3605,6096.6253146303,4556.07078488704,7637.17984437357
8,5,21,1,nef,Node_1_609_2310_3650,2310,4380.67460773431,2908.51001607635,5852.83919939227
8,5,21,1,nef,Node_1_30_2269_3650,2269,1604.41888269666,167.184563032976,3041.65320236035
8,5,22,1,nef,Node_1_972_1682_1825,1682,2224.1712723974,765.337877428385,3683.00466736641
8,5,22,1,nef,Node_1_921_1795_1825,1795,2186.70041779436,727.964453019913,3645.4363825688
8,5,22,1,nef,Node_1_76_696_1825,696,731.990791429604,-737.183195374826,2201.16477823403
8,5,22,1,nef,Node_1_533_1340_1825,1340,1297.83571542579,-163.994041967363,2759.66547281895
8,5,22,1,nef,Node_1_929_1174_1825,1174,1769.19805463787,310.300023253034,3228.0960860227
8,5,22,1,nef,Node_1_64_1154_1825,1154,734.652272691129,-734.477480369522,2203.78202575178
8,5,22,1,nef,Node_1_1254_1412_1825,1412,2546.84085586694,1086.40613575407,4007.27557597981
8,5,22,1,nef,Node_1_963_638_1825,638,313.717999486884,-1163.53361152004,1790.96961049381
8,5,22,1,nef,Node_1_373_1607_1825,1607,2191.39302949231,732.645873138115,3650.1401858465
8,5,22,1,nef,Node_1_130_360_1825,360,311.616830069891,-1165.68097576235,1788.91463590214
8,5,22,1,nef,Node_1_922_1683_3650,1683,1751.33811459343,292.382084586636,3210.29414460022
8,5,22,1,nef,Node_1_1154_3561_3650,3561,4137.21598758887,2649.19269889557,5625.23927628216
8,5,22,1,nef,Node_1_609_2310_3650,2310,4497.56654260315,2998.86210892575,5996.27097628055
8,5,22,1,nef,Node_1_611_3605_3650,3605,5303.78524790333,3775.54695396424,6832.02354184242
8,5,22,1,nef,Node_1_603_969_3650,969,1028.39575718674,-436.413406294914,2493.20492066839
8,5,22,1,nef,Node_1_748_2042_3650,2042,1475.03433625886,14.647962418165,2935.42071009956
8,5,22,1,nef,Node_1_935_760_3650,760,732.901298176968,-736.257545783231,2202.06014213717
8,5,22,1,nef,Node_1_445_2746_3650,2746,3844.80324372402,2364.26822915875,5325.33825828929
8,5,22,1,nef,Node_1_258_2556_3650,2556,2201.96891555784,743.195476078802,3660.74235503688
8,5,22,1,nef,Node_1_166_1497_3650,1497,1458.08490296179,-2.42177642249567,2918.59158234607
8,5,22,1,nef,Node_1_30_2269_3650,2269,2179.48640279601,720.767078957818,3638.20572663421
8,5,22,1,nef,Node_1_123_1491_3650,1491,1461.44677402897,0.96425579695233,2921.92929226099
8,5,22,1,nef,Node_1_886_1206_3650,1206,1462.35728077634,1.88128073765665,2922.83328081502
8,5,22,1,nef,Node_1_805_2473_3650,2473,2825.38588157963,1362.47297450715,4288.29878865212
8,5,22,1,nef,Node_1_429_3119_3650,3119,3726.71752248902,2248.90295297534,5204.5320920027
8,5,22,1,nef,Node_1_246_345_3650,345,449.803738727458,-1024.57511983835,1924.18259729326
8,5,22,1,nef,Node_1_572_749_3650,749,1016.27901354874,-448.686305100682,2481.24433219817
8,5,22,1,nef,Node_1_1100_2537_3650,2537,2997.54169581192,1532.59165896394,4462.4917326599
8,5,22,1,nef,Node_1_107_1049_3650,1049,1318.07698080949,-143.567145811334,2779.72110743032
8,5,22,1,nef,Node_1_56_2570_3650,2570,2062.80146117234,604.256350903479,3521.34657144121
8,5,23,1,nef,Node_1_972_1682_1825,1682,1169.77498156996,-400.922933755331,2740.47289689526
8,5,23,1,nef,Node_1_130_360_1825,360,-96.9018932073748,-1693.58431207393,1499.78052565918
8,5,23,1,nef,Node_1_373_1607_1825,1607,1970.61125163807,404.845155315757,3536.37734796039
8,5,23,1,nef,Node_1_1254_1412_1825,1412,1684.72774495501,118.236691314926,3251.2187985951
8,5,23,1,nef,Node_1_533_1340_1825,1340,1000.8726498878,-572.013741627044,2573.75904140264
8,5,23,1,nef,Node_1_963_638_1825,638,525.880148451159,-1055.28183985217,2107.04213675449
8,5,23,1,nef,Node_1_64_1154_1825,1154,996.523233621307,-576.424763249207,2569.47123049182
8,5,23,1,nef,Node_1_76_696_1825,696,369.844839890706,-1214.71255299398,1954.40223277539
8,5,23,1,nef,Node_1_929_1174_1825,1174,1167.41904775895,-403.306656105148,2738.14475162304
8,5,23,1,nef,Node_1_921_1795_1825,1795,2810.1392039102,1239.84595068531,4380.43245713509
8,5,23,1,nef,Node_1_603_969_3650,969,846.287146749512,-728.950131148693,2421.52442464772
8,5,23,1,nef,Node_1_609_2310_3650,2310,2461.0985485241,893.891690260839,4028.30540678736
8,5,23,1,nef,Node_1_611_3605_3650,3605,4553.530224063,2942.70712766302,6164.35332046298
8,5,23,1,nef,Node_1_107_1049_3650,1049,847.283887977249,-727.937169897579,2422.50494585208
8,5,23,1,nef,Node_1_258_2556_3650,2556,2323.91071045178,757.448319783866,3890.3731011197
8,5,23,1,nef,Node_1_748_2042_3650,2042,2685.45593760405,1116.4613601841,4254.45051502401
8,5,23,1,nef,Node_1_246_345_3650,345,214.443821202449,-1373.82447142972,1802.71211383462
8,5,23,1,nef,Node_1_166_1497_3650,1497,1329.25357800806,-239.7437719841,2898.25092800022
8,5,23,1,nef,Node_1_935_760_3650,760,531.04508026762,-1050.01020680508,2112.10036734032
8,5,23,1,nef,Node_1_30_2269_3650,2269,2911.53497062283,1340.02531043531,4483.04463081035
8,5,23,1,nef,Node_1_123_1491_3650,1491,1343.20795519639,-225.657541608008,2912.07345200079
8,5,23,1,nef,Node_1_572_749_3650,749,852.26759411594,-722.872570077939,2427.40775830982
8,5,23,1,nef,Node_1_805_2473_3650,2473,3003.50700209139,1430.76993163846,4576.24407254432
8,5,23,1,nef,Node_1_445_2746_3650,2746,2318.2927144409,751.855162579125,3884.73026630267
8,5,23,1,nef,Node_1_56_2570_3650,2570,2825.45277368181,1254.98501756418,4395.92052979944
8,5,23,1,nef,Node_1_1100_2537_3650,2537,3659.18150426528,2074.30262825034,5244.06038028022
8,5,23,1,nef,Node_1_886_1206_3650,1206,213.990757008023,-1374.28883281557,1802.27034683161
8,5,23,1,nef,Node_1_1154_3561_3650,3561,6158.01176220466,4475.1459399172,7840.87758449213
8,5,23,1,nef,Node_1_429_3119_3650,3119,3383.08418418183,1804.03941167824,4962.12895668541
8,5,23,1,nef,Node_1_922_1683_3650,1683,2142.05074280903,576.166573486657,3707.93491213139
8,5,24,1,nef,Node_1_972_1682_1825,1682,2164.80380743575,638.440921015472,3691.16669385603
8,5,24,1,nef,Node_1_373_1607_1825,1607,1169.91907074459,-361.088629374987,2700.92677086417
8,5,24,1,nef,Node_1_76_696_1825,696,732.747412574423,-804.575240529721,2270.07006567857
8,5,24,1,nef,Node_1_921_1795_1825,1795,2716.43661254686,1186.7928337699,4246.08039132382
8,5,24,1,nef,Node_1_64_1154_1825,1154,1288.40839881958,-241.334837920177,2818.15163555933
8,5,24,1,nef,Node_1_130_360_1825,360,1023.91650548992,-508.912160585067,2556.7451715649
8,5,24,1,nef,Node_1_929_1174_1825,1174,1466.6364131466,-61.565978224259,2994.83880451746
8,5,24,1,nef,Node_1_1254_1412_1825,1412,1303.00105500328,-226.599703384786,2832.60181339135
8,5,24,1,nef,Node_1_533_1340_1825,1340,2305.18211978629,778.380293026232,3831.98394654635
8,5,24,1,nef,Node_1_963_638_1825,638,303.86012692521,-1242.15536622816,1849.87562007858
8,5,24,1,nef,Node_1_123_1491_3650,1491,1937.78159899446,411.555387703593,3464.00781028533
8,5,24,1,nef,Node_1_445_2746_3650,2746,2973.70818120229,1441.11140823889,4506.30495416569
8,5,24,1,nef,Node_1_166_1497_3650,1497,1026.27261143624,-506.524369603207,2559.0695924757
8,5,24,1,nef,Node_1_611_3605_3650,3605,2478.01389146205,950.300030723457,4005.72775220064
8,5,24,1,nef,Node_1_609_2310_3650,2310,2028.52967963688,502.333840737178,3554.72551853658
8,5,24,1,nef,Node_1_603_969_3650,969,723.398992206736,-814.08689967764,2260.88488409111
8,5,24,1,nef,Node_1_1154_3561_3650,3561,4886.7142027849,3304.56156904856,6468.86683652124
8,5,24,1,nef,Node_1_886_1206_3650,1206,2062.65521414981,536.441503656753,3588.86892464287
8,5,24,1,nef,Node_1_258_2556_3650,2556,1766.39389225355,239.801537167981,3292.98624733911
8,5,24,1,nef,Node_1_805_2473_3650,2473,2853.47077452197,1322.36628739526,4384.57526164868
8,5,24,1,nef,Node_1_30_2269_3650,2269,3940.39564995514,2388.73300346579,5492.05829644449
8,5,24,1,nef,Node_1_246_345_3650,345,302.568068825611,-1243.47731008083,1848.61344773205
8,5,24,1,nef,Node_1_935_760_3650,760,731.531357892447,-805.81246301725,2268.87517880215
8,5,24,1,nef,Node_1_572_749_3650,749,581.804625174221,-958.297219736001,2121.90647008444
8,5,24,1,nef,Node_1_922_1683_3650,1683,2655.0258511071,1125.95351259708,4184.09818961711
8,5,24,1,nef,Node_1_56_2570_3650,2570,1894.68766120196,368.407380287402,3420.96794211651
8,5,24,1,nef,Node_1_107_1049_3650,1049,875.025810365549,-659.957740402728,2410.00936113383
8,5,24,1,nef,Node_1_429_3119_3650,3119,3556.1223704509,2013.53188485708,5098.71285604472
8,5,24,1,nef,Node_1_1100_2537_3650,2537,1310.67740018325,-218.84957586359,2840.20437623009
8,5,24,1,nef,Node_1_748_2042_3650,2042,2565.72183539953,1037.3884759009,4094.05519489815
8,5,25,1,nef,Node_1_1254_1412_1825,1412,1838.90347360715,487.02023356614,3190.78671364816
8,5,25,1,nef,Node_1_921_1795_1825,1795,2071.65949752987,719.924241963741,3423.39475309601
8,5,25,1,nef,Node_1_130_360_1825,360,-195.252096205044,-1576.1872618412,1185.68306943111
8,5,25,1,nef,Node_1_963_638_1825,638,987.868202582232,-370.156884374151,2345.89328953861
8,5,25,1,nef,Node_1_972_1682_1825,1682,2665.4771242835,1311.13368511788,4019.82056344913
8,5,25,1,nef,Node_1_373_1607_1825,1607,1664.70708627645,312.281669637402,3017.1325029155
8,5,25,1,nef,Node_1_533_1340_1825,1340,1801.16653863416,449.197171475276,3153.13590579304
8,5,25,1,nef,Node_1_929_1174_1825,1174,458.001203131053,-908.248360827057,1824.25076708916
8,5,25,1,nef,Node_1_76_696_1825,696,452.947149340027,-913.396907669844,1819.2912063499
8,5,25,1,nef,Node_1_64_1154_1825,1154,843.322264158885,-516.614363027144,2203.25889134491
8,5,25,1,nef,Node_1_1154_3561_3650,3561,5584.56381921243,4157.07616616056,7012.0514722643
8,5,25,1,nef,Node_1_166_1497_3650,1497,1968.6915749607,616.972211642467,3320.41093827894
8,5,25,1,nef,Node_1_886_1206_3650,1206,420.062106006417,-946.904137396006,1787.02834940884
8,5,25,1,nef,Node_1_748_2042_3650,2042,2506.10596140648,1152.88302671051,3859.32889610245
8,5,25,1,nef,Node_1_572_749_3650,749,1132.41414100558,-223.950272069102,2488.77855408026
8,5,25,1,nef,Node_1_922_1683_3650,1683,2079.61120882776,727.869356260755,3431.35306139476
8,5,25,1,nef,Node_1_258_2556_3650,2556,2401.1164173209,1048.46327598732,3753.76955865448
8,5,25,1,nef,Node_1_429_3119_3650,3119,3900.68787081029,2527.32975761626,5274.04598400432
8,5,25,1,nef,Node_1_935_760_3650,760,454.564446553155,-911.749339912798,1820.87823301911
8,5,25,1,nef,Node_1_123_1491_3650,1491,1954.67499911359,602.947816201525,3306.40218202565
8,5,25,1,nef,Node_1_107_1049_3650,1049,851.206588072885,-508.619321740695,2211.03249788647
8,5,25,1,nef,Node_1_30_2269_3650,2269,2478.81407093494,1125.75212744907,3831.87601442081
8,5,25,1,nef,Node_1_609_2310_3650,2310,2708.64027625001,1353.94041852978,4063.34013397024
8,5,25,1,nef,Node_1_611_3605_3650,3605,4290.62650022507,2907.54434149479,5673.70865895534
8,5,25,1,nef,Node_1_603_969_3650,969,247.383467404168,-1123.05840041712,1617.82533522545
8,5,25,1,nef,Node_1_1100_2537_3650,2537,3599.60103963289,2232.54553820213,4966.65654106365
8,5,25,1,nef,Node_1_805_2473_3650,2473,1129.2469339632,-227.151171878532,2485.64503980494
8,5,25,1,nef,Node_1_56_2570_3650,2570,3416.50951762999,2052.76583518801,4780.25320007196
8,5,25,1,nef,Node_1_246_345_3650,345,989.55288717924,-368.451397795605,2347.55717215409
8,5,25,1,nef,Node_1_445_2746_3650,2746,1934.93049563665,583.188239388401,3286.67275188489
8,5,26,1,nef,Node_1_533_1340_1825,1340,1206.17895673571,51.928139143469,2360.42977432795
8,5,26,1,nef,Node_1_921_1795_1825,1795,1808.19309088212,657.060233554303,2959.32594820994
8,5,26,1,nef,Node_1_130_360_1825,360,941.96775660637,-214.829814094513,2098.76532730725
8,5,26,1,nef,Node_1_373_1607_1825,1607,1868.87141982047,717.844846149754,3019.89799349118
8,5,26,1,nef,Node_1_64_1154_1825,1154,1201.04294340357,46.7494434433024,2355.33644336383
8,5,26,1,nef,Node_1_76_696_1825,696,540.184770794577,-621.849597362271,1702.21913895142
8,5,26,1,nef,Node_1_1254_1412_1825,1412,802.341565591059,-356.090055139954,1960.77318632207
8,5,26,1,nef,Node_1_929_1174_1825,1174,2016.20163083399,865.274283943126,3167.12897772486
8,5,26,1,nef,Node_1_963_638_1825,638,804.249227685856,-354.158730021565,1962.65718539328
8,5,26,1,nef,Node_1_972_1682_1825,1682,2685.27742477441,1531.97153686956,3838.58331267927
8,5,26,1,nef,Node_1_748_2042_3650,2042,1991.47539522067,840.547109683697,3142.40368075764
8,5,26,1,nef,Node_1_1100_2537_3650,2537,3720.33085443967,2554.29460198517,4886.36710689418
8,5,26,1,nef,Node_1_922_1683_3650,1683,606.219227922154,-554.842152508843,1767.28060835315
8,5,26,1,nef,Node_1_429_3119_3650,3119,2975.60892127866,1819.83364574647,4131.38419681086
8,5,26,1,nef,Node_1_166_1497_3650,1497,1465.47425839,313.02532214573,2617.92319463426
8,5,26,1,nef,Node_1_935_760_3650,760,1062.59069829274,-92.9554513855232,2218.13684797101
8,5,26,1,nef,Node_1_107_1049_3650,1049,1893.23079733864,742.236156420623,3044.22543825665
8,5,26,1,nef,Node_1_56_2570_3650,2570,2015.83477273884,864.907458247047,3166.76208723063
8,5,26,1,nef,Node_1_246_345_3650,345,539.45105460427,-622.594371474729,1701.49648068327
8,5,26,1,nef,Node_1_886_1206_3650,1206,1196.27378816657,41.940411830838,2350.60716450231
8,5,26,1,nef,Node_1_258_2556_3650,2556,3295.80266672838,2136.30378955081,4455.30154390595
8,5,26,1,nef,Node_1_1154_3561_3650,3561,3278.41359301812,2119.14372901612,4437.68345702012
8,5,26,1,nef,Node_1_30_2269_3650,2269,2792.17987370206,1638.06548841971,3946.2942589844
8,5,26,1,nef,Node_1_445_2746_3650,2746,2874.13597215929,1719.32217102746,4028.94977329111
8,5,26,1,nef,Node_1_123_1491_3650,1491,2022.51159007063,871.583467515967,3173.43971262529
8,5,26,1,nef,Node_1_572_749_3650,749,677.022840286724,-483.044204679555,1837.089885253
8,5,26,1,nef,Node_1_805_2473_3650,2473,2238.88449459199,1087.68003390571,3390.08895527828
8,5,26,1,nef,Node_1_611_3605_3650,3605,3315.6251630187,2155.86148512478,4475.38884091262
8,5,26,1,nef,Node_1_609_2310_3650,2310,1860.9594441172,709.921175334531,3011.99771289987
8,5,26,1,nef,Node_1_603_969_3650,969,1053.94500639918,-101.685886203019,2209.57589900137
8,5,27,1,nef,Node_1_130_360_1825,360,-127.006077424667,-1583.74153974837,1329.72938489904
8,5,27,1,nef,Node_1_533_1340_1825,1340,2089.52733092189,661.752817138305,3517.30184470548
8,5,27,1,nef,Node_1_76_696_1825,696,1169.4476008688,-262.792979676361,2601.68818141397
8,5,27,1,nef,Node_1_1254_1412_1825,1412,731.326079633746,-706.840130362847,2169.49228963034
8,5,27,1,nef,Node_1_929_1174_1825,1174,1764.10535351023,335.993200138232,3192.21750688222
8,5,27,1,nef,Node_1_963_638_1825,638,730.590015849704,-707.588191115623,2168.76822281503
8,5,27,1,nef,Node_1_972_1682_1825,1682,2016.73880116658,589.00700640933,3444.47059592383
8,5,27,1,nef,Node_1_64_1154_1825,1154,1021.82591973584,-412.139443302825,2455.79128277451
8,5,27,1,nef,Node_1_921_1795_1825,1795,2099.01437524955,671.229274404399,3526.7994760947
8,5,27,1,nef,Node_1_373_1607_1825,1607,603.33276607525,-837.021910149776,2043.68744230028
8,5,27,1,nef,Node_1_30_2269_3650,2269,2043.72780658147,615.988120798056,3471.46749236488
8,5,27,1,nef,Node_1_258_2556_3650,2556,3229.85370213346,1792.54621314347,4667.16119112346
8,5,27,1,nef,Node_1_107_1049_3650,1049,1181.46997600816,-250.64235067224,2613.58230268857
8,5,27,1,nef,Node_1_886_1206_3650,1206,1944.52276546552,516.766014988508,3372.27951594254
8,5,27,1,nef,Node_1_609_2310_3650,2310,2061.3115525336,633.561685640947,3489.06141942624
8,5,27,1,nef,Node_1_611_3605_3650,3605,3427.52772058131,1986.88754799529,4868.16789316733
8,5,27,1,nef,Node_1_123_1491_3650,1491,1478.92152962621,49.3947178541157,2908.44834139831
8,5,27,1,nef,Node_1_166_1497_3650,1497,2092.30801632827,664.530519349089,3520.08551330746
8,5,27,1,nef,Node_1_935_760_3650,760,1188.91239871348,-243.121455741273,2620.94625316824
8,5,27,1,nef,Node_1_748_2042_3650,2042,1776.94557729852,348.872548515046,3205.018606082
8,5,27,1,nef,Node_1_805_2473_3650,2473,3009.93420043455,1575.75550928907,4444.11289158003
8,5,27,1,nef,Node_1_429_3119_3650,3119,4084.75089486634,2629.53607120421,5539.96571852848
8,5,27,1,nef,Node_1_1100_2537_3650,2537,2469.90873754206,1040.80313801999,3899.01433706413
8,5,27,1,nef,Node_1_246_345_3650,345,156.214909701897,-1293.38831791845,1605.81813732224
8,5,27,1,nef,Node_1_1154_3561_3650,3561,3746.40690880149,2299.36129931984,5193.45251828314
8,5,27,1,nef,Node_1_572_749_3650,749,883.364143470963,-552.470409747039,2319.19869668897
8,5,27,1,nef,Node_1_445_2746_3650,2746,3837.35167856318,2388.24825625828,5286.45510086808
8,5,27,1,nef,Node_1_603_969_3650,969,731.489649363534,-706.673895565842,2169.65319429291
8,5,27,1,nef,Node_1_56_2570_3650,2570,2935.18283392179,1501.92807754453,4368.43759029905
8,5,27,1,nef,Node_1_922_1683_3650,1683,2845.79197659308,1413.54882153712,4278.03513164904
8,5,28,1,nef,Node_1_76_696_1825,696,623.61749960444,-668.293201016146,1915.52820022503
8,5,28,1,nef,Node_1_1254_1412_1825,1412,1507.20678647311,224.8546879825,2789.55888496372
8,5,28,1,nef,Node_1_373_1607_1825,1607,1680.057036715,398.529721367632,2961.58435206236
8,5,28,1,nef,Node_1_921_1795_1825,1795,1664.2289869802,382.640454646076,2945.81751931433
8,5,28,1,nef,Node_1_64_1154_1825,1154,912.032380755172,-375.781398563088,2199.84616007343
8,5,28,1,nef,Node_1_929_1174_1825,1174,1069.25325971082,-216.7243945977,2355.23091401933
8,5,28,1,nef,Node_1_533_1340_1825,1340,1943.50465949745,662.572151001266,3224.43716799364
8,5,28,1,nef,Node_1_972_1682_1825,1682,1059.9815987783,-226.096526405073,2346.05972396168
8,5,28,1,nef,Node_1_963_638_1825,638,477.059030721187,-817.292578538175,1771.41063998055
8,5,28,1,nef,Node_1_130_360_1825,360,49.9003663303218,-1252.93022576142,1352.73095842206
8,5,28,1,nef,Node_1_445_2746_3650,2746,2553.91107960452,1271.28082779234,3836.54133141671
8,5,28,1,nef,Node_1_572_749_3650,749,771.103134580945,-518.595071076052,2060.80134023794
8,5,28,1,nef,Node_1_123_1491_3650,1491,1504.02793129625,221.657444659818,2786.39841793268
8,5,28,1,nef,Node_1_805_2473_3650,2473,2250.33041021418,969.081375260226,3531.57944516813
8,5,28,1,nef,Node_1_886_1206_3650,1206,1209.32156594131,-75.2576473401086,2493.90077922273
8,5,28,1,nef,Node_1_429_3119_3650,3119,3407.56614689107,2115.3977505403,4699.73454324184
8,5,28,1,nef,Node_1_246_345_3650,345,49.5692355827321,-1253.26871089403,1352.40718205949
8,5,28,1,nef,Node_1_107_1049_3650,1049,482.224670383588,-812.036813846801,1776.48615461398
8,5,28,1,nef,Node_1_1100_2537_3650,2537,1939.66354282541,658.728112893358,3220.59897275747
8,5,28,1,nef,Node_1_935_760_3650,760,1044.02109674447,-242.232277261435,2330.27447075038
8,5,28,1,nef,Node_1_1154_3561_3650,3561,4593.94138935587,3275.00195078877,5912.88082792298
8,5,28,1,nef,Node_1_258_2556_3650,2556,2582.71945464484,1299.90304512667,3865.53586416301
8,5,28,1,nef,Node_1_30_2269_3650,2269,2225.16447339735,943.982282240975,3506.34666455373
8,5,28,1,nef,Node_1_166_1497_3650,1497,1070.3128781031,-215.653356229867,2356.27911243608
8,5,28,1,nef,Node_1_748_2042_3650,2042,2779.47734486271,1495.13482524767,4063.81986447775
8,5,28,1,nef,Node_1_609_2310_3650,2310,1495.80027377336,213.381654515988,2778.21889303074
8,5,28,1,nef,Node_1_611_3605_3650,3605,2817.93912274999,1533.24645201613,4102.63179348385
8,5,28,1,nef,Node_1_603_969_3650,969,42.1362918540627,-1260.86705603428,1345.1396397424
8,5,28,1,nef,Node_1_922_1683_3650,1683,1956.41875865346,675.494823924772,3237.34269338214
8,5,28,1,nef,Node_1_56_2570_3650,2570,2948.48647843255,1662.47923740924,4234.49371945587
8,5,29,1,nef,Node_1_921_1795_1825,1795,1453.35601867252,158.803886967564,2747.90815037748
8,5,29,1,nef,Node_1_1254_1412_1825,1412,766.7824806889,-534.915434189723,2068.48039556752
8,5,29,1,nef,Node_1_972_1682_1825,1682,2765.33550916398,1469.23038838153,4061.44062994643
8,5,29,1,nef,Node_1_373_1607_1825,1607,1576.30904402285,282.46155690914,2870.15653113657
8,5,29,1,nef,Node_1_130_360_1825,360,-160.205068895428,-1480.04765539407,1159.63751760322
8,5,29,1,nef,Node_1_929_1174_1825,1174,901.817992059141,-398.046367242986,2201.68235136127
8,5,29,1,nef,Node_1_76_696_1825,696,495.269797684677,-810.743377120314,1801.28297248967
8,5,29,1,nef,Node_1_533_1340_1825,1340,1041.0411832431,-257.15146766506,2339.23383415126
8,5,29,1,nef,Node_1_963_638_1825,638,99.9116329763794,-1213.87124884737,1413.69451480013
8,5,29,1,nef,Node_1_64_1154_1825,1154,1471.68569916864,177.249742566866,2766.1216557704
8,5,29,1,nef,Node_1_572_749_3650,749,235.359047279118,-1075.56503228018,1546.28312683842
8,5,29,1,nef,Node_1_445_2746_3650,2746,2595.56285048649,1300.7854623789,3890.34023859408
8,5,29,1,nef,Node_1_107_1049_3650,1049,1171.82036431088,-125.004983678142,2468.64571229989
8,5,29,1,nef,Node_1_429_3119_3650,3119,2890.55400064304,1593.25611140777,4187.85188987832
8,5,29,1,nef,Node_1_922_1683_3650,1683,1851.8721058633,558.965745900264,3144.77846582633
8,5,29,1,nef,Node_1_30_2269_3650,2269,3345.84404202964,2042.69091944596,4648.99716461332
8,5,29,1,nef,Node_1_258_2556_3650,2556,3859.55564934205,2546.9695583751,5172.14174030901
8,5,29,1,nef,Node_1_609_2310_3650,2310,3768.93700419273,2458.23012746423,5079.64388092123
8,5,29,1,nef,Node_1_611_3605_3650,3605,4725.99346784934,3390.89003755056,6061.09689814811
8,5,29,1,nef,Node_1_603_969_3650,969,893.511282920453,-406.4598465774,2193.48241241831
8,5,29,1,nef,Node_1_246_345_3650,345,110.964361665047,-1202.57759133928,1424.50631466937
8,5,29,1,nef,Node_1_1100_2537_3650,2537,2752.42921727907,1456.43674345634,4048.4216911018
8,5,29,1,nef,Node_1_935_760_3650,760,566.323053540396,-738.480054477254,1871.12616155805
8,5,29,1,nef,Node_1_805_2473_3650,2473,2153.65965440604,860.769930662361,3446.54937814973
8,5,29,1,nef,Node_1_748_2042_3650,2042,2928.86097336526,1631.16207359823,4226.55987313228
8,5,29,1,nef,Node_1_886_1206_3650,1206,1735.85277987666,442.657836907838,3029.04772284549
8,5,29,1,nef,Node_1_56_2570_3650,2570,3521.93254567208,2215.88095209613,4827.98413924802
8,5,29,1,nef,Node_1_123_1491_3650,1491,636.89575597487,-666.762070448678,1940.55358239842
8,5,29,1,nef,Node_1_166_1497_3650,1497,1459.53456265998,165.022026498402,2754.04709882155
8,5,29,1,nef,Node_1_1154_3561_3650,3561,4017.86367639837,2701.77568363496,5333.95166916178
8,5,30,1,nef,Node_1_533_1340_1825,1340,2046.22998802873,844.297192354102,3248.16278370337
8,5,30,1,nef,Node_1_64_1154_1825,1154,1429.85139236015,226.121673600993,2633.58111111931
8,5,30,1,nef,Node_1_929_1174_1825,1174,1023.02786742275,-184.132188064729,2230.18792291023
8,5,30,1,nef,Node_1_1254_1412_1825,1412,1717.4264780248,515.046374389975,2919.80658165962
8,5,30,1,nef,Node_1_921_1795_1825,1795,2490.32291642517,1287.13689548723,3693.5089373631
8,5,30,1,nef,Node_1_963_638_1825,638,895.247055563218,-313.356265292935,2103.85037641937
8,5,30,1,nef,Node_1_972_1682_1825,1682,1289.57918703358,84.8675175765482,2494.29085649062
8,5,30,1,nef,Node_1_76_696_1825,696,894.291429833499,-314.323340496726,2102.90620016372
8,5,30,1,nef,Node_1_130_360_1825,360,354.43115152311,-862.196990967598,1571.05929401382
8,5,30,1,nef,Node_1_373_1607_1825,1607,2169.30093022037,967.234537762124,3371.36732267861
8,5,30,1,nef,Node_1_258_2556_3650,2556,2928.34079553982,1721.83440253762,4134.84718854202
8,5,30,1,nef,Node_1_56_2570_3650,2570,4447.44441088913,3213.71168064177,5681.17714113648
8,5,30,1,nef,Node_1_123_1491_3650,1491,1445.14140403565,241.505910436456,2648.77689763485
8,5,30,1,nef,Node_1_166_1497_3650,1497,758.251281309968,-452.092493380653,1968.59505600059
8,5,30,1,nef,Node_1_886_1206_3650,1206,1591.21562272123,388.353175965415,2794.07806947705
8,5,30,1,nef,Node_1_572_749_3650,749,375.59143553831,-840.664892860899,1591.84776393752
8,5,30,1,nef,Node_1_107_1049_3650,1049,1164.80177032459,-40.9611921450651,2370.56473279425
8,5,30,1,nef,Node_1_609_2310_3650,2310,3310.7276053887,2099.64336058669,4521.81185019071
8,5,30,1,nef,Node_1_611_3605_3650,3605,3875.02459878761,2654.36520144239,5095.68399613282
8,5,30,1,nef,Node_1_603_969_3650,969,487.945717760955,-726.414870715503,1702.30630623741
8,5,30,1,nef,Node_1_246_345_3650,345,488.355271645121,-725.998648522317,1702.70919181256
8,5,30,1,nef,Node_1_30_2269_3650,2269,1688.27989326838,485.803690686314,2890.75609585044
8,5,30,1,nef,Node_1_935_760_3650,760,221.803952034289,-997.26091246572,1440.8688165343
8,5,30,1,nef,Node_1_922_1683_3650,1683,1590.3965149529,387.530375573508,2793.26265433229
8,5,30,1,nef,Node_1_1100_2537_3650,2537,2451.62007437156,1248.62808017025,3654.61206857287
8,5,30,1,nef,Node_1_805_2473_3650,2473,3193.66345349815,1984.1459134113,4403.18099358501
8,5,30,1,nef,Node_1_1154_3561_3650,3561,3541.44296013508,2326.84697942796,4756.0389408422
8,5,30,1,nef,Node_1_748_2042_3650,2042,2424.99907190082,1222.13114657925,3627.8669972224
8,5,30,1,nef,Node_1_429_3119_3650,3119,4278.02562080614,3048.50899046468,5507.54225114759
8,5,30,1,nef,Node_1_445_2746_3650,2746,3465.06116073827,2251.68988115295,4678.43244032359
