batch,rep,ali,sub,gene,nodeName,trueDate,nodeDate
11,5,1,3,C1V2,Node_1_454_1125_3650,1125,1331.02824682782
11,5,1,3,C1V2,Node_1_457_819_3650,819,1103.77124716265
11,5,1,3,C1V2,Node_1_1018_1904_3650,1904,1391.40975137718
11,5,1,3,C1V2,Node_1_471_206_3650,206,-126.544480802126
11,5,1,3,C1V2,Node_1_774_1057_3650,1057,1299.39808458753
11,5,1,3,C1V2,Node_1_585_2321_3650,2321,1501.18627979108
11,5,1,3,C1V2,Node_1_839_2984_3650,2984,3467.75776460804
11,5,1,3,C1V2,Node_1_932_2265_3650,2265,2278.35409312255
11,5,1,3,C1V2,Node_1_309_15_3650,15,-57.8130771150067
11,5,1,3,C1V2,Node_1_860_958_3650,958,1094.42779853378
11,5,1,3,C1V2,Node_1_427_731_3650,731,751.882618784224
11,5,1,3,C1V2,Node_1_1075_667_3650,667,337.984914416764
11,5,1,3,C1V2,Node_1_1083_1695_3650,1695,1888.64949624919
11,5,1,3,C1V2,Node_1_348_2683_3650,2683,3002.17648830865
11,5,1,3,C1V2,Node_1_545_2505_3650,2505,2572.08674553383
11,5,1,3,C1V2,Node_1_507_2498_3650,2498,2603.88706107211
11,5,1,3,C1V2,Node_1_304_1559_3650,1559,1792.58496061412
11,5,1,3,C1V2,Node_1_558_1380_3650,1380,1270.98672037956
11,5,1,3,C1V2,Node_1_820_1958_3650,1958,1443.17334605972
11,5,1,3,C1V2,Node_1_153_775_3650,775,428.670422363202
11,5,2,3,C1V2,Node_1_839_2984_3650,2984,2685.8629603232
11,5,2,3,C1V2,Node_1_454_1125_3650,1125,1168.2900424953
11,5,2,3,C1V2,Node_1_304_1559_3650,1559,1830.74802311795
11,5,2,3,C1V2,Node_1_1075_667_3650,667,615.772444153403
11,5,2,3,C1V2,Node_1_860_958_3650,958,1315.9580017143
11,5,2,3,C1V2,Node_1_427_731_3650,731,1113.1644520347
11,5,2,3,C1V2,Node_1_558_1380_3650,1380,1214.13532145364
11,5,2,3,C1V2,Node_1_820_1958_3650,1958,1471.92294997731
11,5,2,3,C1V2,Node_1_153_775_3650,775,727.075097415777
11,5,2,3,C1V2,Node_1_1083_1695_3650,1695,2006.49739023791
11,5,2,3,C1V2,Node_1_545_2505_3650,2505,2723.62739954934
11,5,2,3,C1V2,Node_1_309_15_3650,15,-135.317703019725
11,5,2,3,C1V2,Node_1_774_1057_3650,1057,1312.27074238946
11,5,2,3,C1V2,Node_1_932_2265_3650,2265,1908.17048935815
11,5,2,3,C1V2,Node_1_1018_1904_3650,1904,1980.43060888755
11,5,2,3,C1V2,Node_1_348_2683_3650,2683,2381.27990958479
11,5,2,3,C1V2,Node_1_585_2321_3650,2321,2171.58990116613
11,5,2,3,C1V2,Node_1_457_819_3650,819,702.777035767181
11,5,2,3,C1V2,Node_1_507_2498_3650,2498,2418.96596237036
11,5,2,3,C1V2,Node_1_471_206_3650,206,-181.999092368209
11,5,3,3,C1V2,Node_1_1018_1904_3650,1904,1718.02927165091
11,5,3,3,C1V2,Node_1_1083_1695_3650,1695,1624.8881278321
11,5,3,3,C1V2,Node_1_820_1958_3650,1958,2030.40967429562
11,5,3,3,C1V2,Node_1_558_1380_3650,1380,1531.65869886323
11,5,3,3,C1V2,Node_1_545_2505_3650,2505,3084.43557980701
11,5,3,3,C1V2,Node_1_348_2683_3650,2683,2858.84088069419
11,5,3,3,C1V2,Node_1_304_1559_3650,1559,1572.9213724754
11,5,3,3,C1V2,Node_1_309_15_3650,15,-319.417442785456
11,5,3,3,C1V2,Node_1_774_1057_3650,1057,909.677483836485
11,5,3,3,C1V2,Node_1_839_2984_3650,2984,3119.92030016227
11,5,3,3,C1V2,Node_1_507_2498_3650,2498,2375.01391866118
11,5,3,3,C1V2,Node_1_585_2321_3650,2321,2513.65447867164
11,5,3,3,C1V2,Node_1_1075_667_3650,667,306.122555147795
11,5,3,3,C1V2,Node_1_860_958_3650,958,457.318473426989
11,5,3,3,C1V2,Node_1_457_819_3650,819,503.947397715709
11,5,3,3,C1V2,Node_1_471_206_3650,206,127.178360492064
11,5,3,3,C1V2,Node_1_454_1125_3650,1125,939.563401569623
11,5,3,3,C1V2,Node_1_153_775_3650,775,710.597132381229
11,5,3,3,C1V2,Node_1_932_2265_3650,2265,2454.5132625638
11,5,3,3,C1V2,Node_1_427_731_3650,731,675.410918092428
11,5,4,3,C1V2,Node_1_1075_667_3650,667,672.895750034031
11,5,4,3,C1V2,Node_1_839_2984_3650,2984,3649.99999999
11,5,4,3,C1V2,Node_1_558_1380_3650,1380,743.089997203835
11,5,4,3,C1V2,Node_1_585_2321_3650,2321,1787.7324544357
11,5,4,3,C1V2,Node_1_820_1958_3650,1958,1640.18669881221
11,5,4,3,C1V2,Node_1_309_15_3650,15,-71.8785266773442
11,5,4,3,C1V2,Node_1_348_2683_3650,2683,2183.80448633095
11,5,4,3,C1V2,Node_1_1083_1695_3650,1695,1989.64572749553
11,5,4,3,C1V2,Node_1_774_1057_3650,1057,1398.74458347416
11,5,4,3,C1V2,Node_1_454_1125_3650,1125,871.373573809888
11,5,4,3,C1V2,Node_1_1018_1904_3650,1904,1911.16687228112
11,5,4,3,C1V2,Node_1_427_731_3650,731,872.49628405226
11,5,4,3,C1V2,Node_1_545_2505_3650,2505,2291.44918540476
11,5,4,3,C1V2,Node_1_457_819_3650,819,572.557147534143
11,5,4,3,C1V2,Node_1_471_206_3650,206,217.772696093703
11,5,4,3,C1V2,Node_1_507_2498_3650,2498,2363.01064018833
11,5,4,3,C1V2,Node_1_860_958_3650,958,849.105443640866
11,5,4,3,C1V2,Node_1_304_1559_3650,1559,1338.80844892127
11,5,4,3,C1V2,Node_1_932_2265_3650,2265,1664.46934475455
11,5,4,3,C1V2,Node_1_153_775_3650,775,484.216463203936
11,5,5,3,C1V2,Node_1_348_2683_3650,2683,2312.01449232651
11,5,5,3,C1V2,Node_1_820_1958_3650,1958,1435.76387111586
11,5,5,3,C1V2,Node_1_454_1125_3650,1125,968.30657715072
11,5,5,3,C1V2,Node_1_860_958_3650,958,781.955984126944
11,5,5,3,C1V2,Node_1_585_2321_3650,2321,3088.11492764271
11,5,5,3,C1V2,Node_1_545_2505_3650,2505,2560.93767063211
11,5,5,3,C1V2,Node_1_1018_1904_3650,1904,1914.19467077772
11,5,5,3,C1V2,Node_1_304_1559_3650,1559,1573.654194408
11,5,5,3,C1V2,Node_1_1075_667_3650,667,1003.75559538261
11,5,5,3,C1V2,Node_1_774_1057_3650,1057,988.603831288574
11,5,5,3,C1V2,Node_1_153_775_3650,775,666.622192528996
11,5,5,3,C1V2,Node_1_427_731_3650,731,892.632257613762
11,5,5,3,C1V2,Node_1_309_15_3650,15,-277.471848355338
11,5,5,3,C1V2,Node_1_558_1380_3650,1380,1763.24074452819
11,5,5,3,C1V2,Node_1_507_2498_3650,2498,2437.55735792995
11,5,5,3,C1V2,Node_1_471_206_3650,206,-121.027383775796
11,5,5,3,C1V2,Node_1_932_2265_3650,2265,2115.51961810695
11,5,5,3,C1V2,Node_1_839_2984_3650,2984,3183.46266475871
11,5,5,3,C1V2,Node_1_1083_1695_3650,1695,1421.84073094727
11,5,5,3,C1V2,Node_1_457_819_3650,819,350.459530986942
11,5,6,3,C1V2,Node_1_585_2321_3650,2321,2192.63953637969
11,5,6,3,C1V2,Node_1_545_2505_3650,2505,2047.7223314234
11,5,6,3,C1V2,Node_1_774_1057_3650,1057,841.02189466567
11,5,6,3,C1V2,Node_1_558_1380_3650,1380,1514.09284332325
11,5,6,3,C1V2,Node_1_454_1125_3650,1125,889.651270528917
11,5,6,3,C1V2,Node_1_839_2984_3650,2984,2943.0005585768
11,5,6,3,C1V2,Node_1_1075_667_3650,667,344.747558974257
11,5,6,3,C1V2,Node_1_860_958_3650,958,666.486469018434
11,5,6,3,C1V2,Node_1_457_819_3650,819,857.442387622054
11,5,6,3,C1V2,Node_1_427_731_3650,731,674.57604432098
11,5,6,3,C1V2,Node_1_471_206_3650,206,201.196862806792
11,5,6,3,C1V2,Node_1_507_2498_3650,2498,2252.91364174405
11,5,6,3,C1V2,Node_1_304_1559_3650,1559,1533.44131150912
11,5,6,3,C1V2,Node_1_153_775_3650,775,793.618681309546
11,5,6,3,C1V2,Node_1_348_2683_3650,2683,2720.03974223906
11,5,6,3,C1V2,Node_1_309_15_3650,15,-195.267680294879
11,5,6,3,C1V2,Node_1_932_2265_3650,2265,2967.66514519676
11,5,6,3,C1V2,Node_1_1018_1904_3650,1904,1551.27242523453
11,5,6,3,C1V2,Node_1_1083_1695_3650,1695,1600.11517044479
11,5,6,3,C1V2,Node_1_820_1958_3650,1958,1171.84004621714
11,5,7,3,C1V2,Node_1_558_1380_3650,1380,1365.84111852501
11,5,7,3,C1V2,Node_1_932_2265_3650,2265,2448.61558915841
11,5,7,3,C1V2,Node_1_153_775_3650,775,642.111115957768
11,5,7,3,C1V2,Node_1_304_1559_3650,1559,1283.50570821743
11,5,7,3,C1V2,Node_1_774_1057_3650,1057,933.534893247281
11,5,7,3,C1V2,Node_1_820_1958_3650,1958,1708.25786260573
11,5,7,3,C1V2,Node_1_839_2984_3650,2984,3303.29480001791
11,5,7,3,C1V2,Node_1_585_2321_3650,2321,2356.78109624744
11,5,7,3,C1V2,Node_1_1075_667_3650,667,617.521260435592
11,5,7,3,C1V2,Node_1_348_2683_3650,2683,2323.70023858887
11,5,7,3,C1V2,Node_1_545_2505_3650,2505,2469.73672632171
11,5,7,3,C1V2,Node_1_427_731_3650,731,1027.049846258
11,5,7,3,C1V2,Node_1_507_2498_3650,2498,2490.52857433212
11,5,7,3,C1V2,Node_1_471_206_3650,206,73.6715788045794
11,5,7,3,C1V2,Node_1_1083_1695_3650,1695,1636.21135250406
11,5,7,3,C1V2,Node_1_309_15_3650,15,-285.844842004547
11,5,7,3,C1V2,Node_1_1018_1904_3650,1904,1495.57579260314
11,5,7,3,C1V2,Node_1_454_1125_3650,1125,698.806863906255
11,5,7,3,C1V2,Node_1_860_958_3650,958,722.309565167172
11,5,7,3,C1V2,Node_1_457_819_3650,819,281.436022157733
11,5,8,3,C1V2,Node_1_153_775_3650,775,779.875767710163
11,5,8,3,C1V2,Node_1_839_2984_3650,2984,2974.49020082535
11,5,8,3,C1V2,Node_1_585_2321_3650,2321,2829.4386690138
11,5,8,3,C1V2,Node_1_860_958_3650,958,941.719672794268
11,5,8,3,C1V2,Node_1_454_1125_3650,1125,944.723108116493
11,5,8,3,C1V2,Node_1_348_2683_3650,2683,2897.77044979226
11,5,8,3,C1V2,Node_1_1018_1904_3650,1904,1860.15970489473
11,5,8,3,C1V2,Node_1_558_1380_3650,1380,1514.53350531364
11,5,8,3,C1V2,Node_1_309_15_3650,15,-127.058208022783
11,5,8,3,C1V2,Node_1_932_2265_3650,2265,2415.28798190845
11,5,8,3,C1V2,Node_1_507_2498_3650,2498,2240.26840078553
11,5,8,3,C1V2,Node_1_471_206_3650,206,136.180940295889
11,5,8,3,C1V2,Node_1_774_1057_3650,1057,1010.27621195104
11,5,8,3,C1V2,Node_1_1083_1695_3650,1695,1567.36792832841
11,5,8,3,C1V2,Node_1_304_1559_3650,1559,1850.28956274826
11,5,8,3,C1V2,Node_1_820_1958_3650,1958,1765.7111546832
11,5,8,3,C1V2,Node_1_457_819_3650,819,705.641058339491
11,5,8,3,C1V2,Node_1_1075_667_3650,667,564.488813204699
11,5,8,3,C1V2,Node_1_427_731_3650,731,808.901586618395
11,5,8,3,C1V2,Node_1_545_2505_3650,2505,2858.27034176211
11,5,9,3,C1V2,Node_1_774_1057_3650,1057,814.568366275999
11,5,9,3,C1V2,Node_1_153_775_3650,775,472.708130117389
11,5,9,3,C1V2,Node_1_839_2984_3650,2984,2143.86979323343
11,5,9,3,C1V2,Node_1_558_1380_3650,1380,1589.3259526406
11,5,9,3,C1V2,Node_1_454_1125_3650,1125,543.776738592166
11,5,9,3,C1V2,Node_1_585_2321_3650,2321,2078.71993162236
11,5,9,3,C1V2,Node_1_309_15_3650,15,-315.977754774555
11,5,9,3,C1V2,Node_1_427_731_3650,731,504.057808572524
11,5,9,3,C1V2,Node_1_348_2683_3650,2683,2801.97369840375
11,5,9,3,C1V2,Node_1_860_958_3650,958,896.672531794043
11,5,9,3,C1V2,Node_1_304_1559_3650,1559,1242.23632979863
11,5,9,3,C1V2,Node_1_457_819_3650,819,1270.00332443509
11,5,9,3,C1V2,Node_1_507_2498_3650,2498,2154.35397156741
11,5,9,3,C1V2,Node_1_471_206_3650,206,-211.787982933416
11,5,9,3,C1V2,Node_1_820_1958_3650,1958,1892.78503473924
11,5,9,3,C1V2,Node_1_1083_1695_3650,1695,2135.99865974005
11,5,9,3,C1V2,Node_1_1018_1904_3650,1904,1685.65064458551
11,5,9,3,C1V2,Node_1_1075_667_3650,667,702.142956704547
11,5,9,3,C1V2,Node_1_545_2505_3650,2505,2641.0391095387
11,5,9,3,C1V2,Node_1_932_2265_3650,2265,2228.26021481923
11,5,10,3,C1V2,Node_1_839_2984_3650,2984,2262.57248040094
11,5,10,3,C1V2,Node_1_454_1125_3650,1125,1129.54748662489
11,5,10,3,C1V2,Node_1_304_1559_3650,1559,1692.42513482265
11,5,10,3,C1V2,Node_1_1083_1695_3650,1695,1831.85424221471
11,5,10,3,C1V2,Node_1_457_819_3650,819,706.782569211723
11,5,10,3,C1V2,Node_1_1018_1904_3650,1904,2058.86587731677
11,5,10,3,C1V2,Node_1_860_958_3650,958,809.573734299487
11,5,10,3,C1V2,Node_1_1075_667_3650,667,549.94118722781
11,5,10,3,C1V2,Node_1_348_2683_3650,2683,2898.47140715637
11,5,10,3,C1V2,Node_1_309_15_3650,15,-167.66197528097
11,5,10,3,C1V2,Node_1_545_2505_3650,2505,2690.52142807938
11,5,10,3,C1V2,Node_1_932_2265_3650,2265,2616.542956356
11,5,10,3,C1V2,Node_1_774_1057_3650,1057,1012.74142156877
11,5,10,3,C1V2,Node_1_153_775_3650,775,437.687142453326
11,5,10,3,C1V2,Node_1_820_1958_3650,1958,1916.90544061682
11,5,10,3,C1V2,Node_1_427_731_3650,731,735.735715490533
11,5,10,3,C1V2,Node_1_471_206_3650,206,30.6505960220234
11,5,10,3,C1V2,Node_1_507_2498_3650,2498,2740.31541183653
11,5,10,3,C1V2,Node_1_585_2321_3650,2321,2509.15022537435
11,5,10,3,C1V2,Node_1_558_1380_3650,1380,864.736985422986
11,5,11,3,C1V2,Node_1_454_1125_3650,1125,1326.11183808465
11,5,11,3,C1V2,Node_1_585_2321_3650,2321,1910.649339607
11,5,11,3,C1V2,Node_1_545_2505_3650,2505,1766.38102157222
11,5,11,3,C1V2,Node_1_860_958_3650,958,697.211675052878
11,5,11,3,C1V2,Node_1_427_731_3650,731,505.750730268556
11,5,11,3,C1V2,Node_1_774_1057_3650,1057,963.592288252554
11,5,11,3,C1V2,Node_1_153_775_3650,775,508.317673411619
11,5,11,3,C1V2,Node_1_1075_667_3650,667,565.668313794072
11,5,11,3,C1V2,Node_1_304_1559_3650,1559,1265.04087808044
11,5,11,3,C1V2,Node_1_457_819_3650,819,803.14603332097
11,5,11,3,C1V2,Node_1_932_2265_3650,2265,2782.96126190005
11,5,11,3,C1V2,Node_1_507_2498_3650,2498,2912.59702679429
11,5,11,3,C1V2,Node_1_471_206_3650,206,392.908877901074
11,5,11,3,C1V2,Node_1_309_15_3650,15,-453.431606664669
11,5,11,3,C1V2,Node_1_1018_1904_3650,1904,2392.26987172328
11,5,11,3,C1V2,Node_1_348_2683_3650,2683,2853.70297349488
11,5,11,3,C1V2,Node_1_820_1958_3650,1958,1326.26666261807
11,5,11,3,C1V2,Node_1_1083_1695_3650,1695,1189.19757021238
11,5,11,3,C1V2,Node_1_558_1380_3650,1380,1445.53152027267
11,5,11,3,C1V2,Node_1_839_2984_3650,2984,2965.8970965408
11,5,12,3,C1V2,Node_1_558_1380_3650,1380,1365.42970447516
11,5,12,3,C1V2,Node_1_1075_667_3650,667,680.836576600661
11,5,12,3,C1V2,Node_1_932_2265_3650,2265,2075.30389960558
11,5,12,3,C1V2,Node_1_545_2505_3650,2505,2431.95443890008
11,5,12,3,C1V2,Node_1_427_731_3650,731,576.269598507038
11,5,12,3,C1V2,Node_1_507_2498_3650,2498,2689.48273470477
11,5,12,3,C1V2,Node_1_471_206_3650,206,85.7502969643034
11,5,12,3,C1V2,Node_1_348_2683_3650,2683,2416.41624103683
11,5,12,3,C1V2,Node_1_309_15_3650,15,-159.497584939953
11,5,12,3,C1V2,Node_1_457_819_3650,819,780.3099003135
11,5,12,3,C1V2,Node_1_1083_1695_3650,1695,1124.36859971786
11,5,12,3,C1V2,Node_1_820_1958_3650,1958,2228.27424776356
11,5,12,3,C1V2,Node_1_774_1057_3650,1057,1147.74556669031
11,5,12,3,C1V2,Node_1_153_775_3650,775,614.299348983815
11,5,12,3,C1V2,Node_1_454_1125_3650,1125,969.202320807187
11,5,12,3,C1V2,Node_1_860_958_3650,958,166.10870307379
11,5,12,3,C1V2,Node_1_839_2984_3650,2984,3412.63717719492
11,5,12,3,C1V2,Node_1_1018_1904_3650,1904,1413.52070256992
11,5,12,3,C1V2,Node_1_585_2321_3650,2321,2192.63280585081
11,5,12,3,C1V2,Node_1_304_1559_3650,1559,1625.7178647039
11,5,13,3,C1V2,Node_1_1018_1904_3650,1904,2422.29468845161
11,5,13,3,C1V2,Node_1_839_2984_3650,2984,3076.01367733319
11,5,13,3,C1V2,Node_1_457_819_3650,819,350.557834164495
11,5,13,3,C1V2,Node_1_545_2505_3650,2505,2553.59761388905
11,5,13,3,C1V2,Node_1_860_958_3650,958,622.098108427601
11,5,13,3,C1V2,Node_1_309_15_3650,15,-229.577086119037
11,5,13,3,C1V2,Node_1_304_1559_3650,1559,1613.07685419747
11,5,13,3,C1V2,Node_1_558_1380_3650,1380,1388.35284878014
11,5,13,3,C1V2,Node_1_454_1125_3650,1125,903.206297759401
11,5,13,3,C1V2,Node_1_1075_667_3650,667,819.180780077176
11,5,13,3,C1V2,Node_1_348_2683_3650,2683,2675.2395657004
11,5,13,3,C1V2,Node_1_585_2321_3650,2321,2473.15041787859
11,5,13,3,C1V2,Node_1_153_775_3650,775,889.301800333951
11,5,13,3,C1V2,Node_1_774_1057_3650,1057,1413.23036660297
11,5,13,3,C1V2,Node_1_932_2265_3650,2265,2500.50135957737
11,5,13,3,C1V2,Node_1_427_731_3650,731,805.873266169405
11,5,13,3,C1V2,Node_1_1083_1695_3650,1695,2224.39836962054
11,5,13,3,C1V2,Node_1_471_206_3650,206,-1.91408258834637
11,5,13,3,C1V2,Node_1_507_2498_3650,2498,2701.47684062058
11,5,13,3,C1V2,Node_1_820_1958_3650,1958,1514.86607468916
11,5,14,3,C1V2,Node_1_1083_1695_3650,1695,1909.73132247583
11,5,14,3,C1V2,Node_1_507_2498_3650,2498,2502.44585104035
11,5,14,3,C1V2,Node_1_471_206_3650,206,271.469356472681
11,5,14,3,C1V2,Node_1_427_731_3650,731,739.452431056922
11,5,14,3,C1V2,Node_1_545_2505_3650,2505,2286.029787774
11,5,14,3,C1V2,Node_1_348_2683_3650,2683,2336.3434053151
11,5,14,3,C1V2,Node_1_839_2984_3650,2984,3031.06070740115
11,5,14,3,C1V2,Node_1_454_1125_3650,1125,1064.52275992231
11,5,14,3,C1V2,Node_1_309_15_3650,15,-157.443805880447
11,5,14,3,C1V2,Node_1_774_1057_3650,1057,833.879982490016
11,5,14,3,C1V2,Node_1_860_958_3650,958,763.974403975715
11,5,14,3,C1V2,Node_1_304_1559_3650,1559,1387.22425677769
11,5,14,3,C1V2,Node_1_1018_1904_3650,1904,1781.72722842761
11,5,14,3,C1V2,Node_1_558_1380_3650,1380,1697.39154189614
11,5,14,3,C1V2,Node_1_932_2265_3650,2265,2079.80960867931
11,5,14,3,C1V2,Node_1_820_1958_3650,1958,1635.38651223229
11,5,14,3,C1V2,Node_1_153_775_3650,775,508.958332984817
11,5,14,3,C1V2,Node_1_1075_667_3650,667,410.493072855888
11,5,14,3,C1V2,Node_1_585_2321_3650,2321,1617.83835863545
11,5,14,3,C1V2,Node_1_457_819_3650,819,814.376867216813
11,5,15,3,C1V2,Node_1_545_2505_3650,2505,2772.58884004183
11,5,15,3,C1V2,Node_1_304_1559_3650,1559,1521.80564197496
11,5,15,3,C1V2,Node_1_348_2683_3650,2683,2544.09994040327
11,5,15,3,C1V2,Node_1_1083_1695_3650,1695,1534.94257918532
11,5,15,3,C1V2,Node_1_454_1125_3650,1125,692.647215581312
11,5,15,3,C1V2,Node_1_1018_1904_3650,1904,1910.77056240807
11,5,15,3,C1V2,Node_1_153_775_3650,775,715.858988383613
11,5,15,3,C1V2,Node_1_471_206_3650,206,-62.3030651721022
11,5,15,3,C1V2,Node_1_507_2498_3650,2498,2337.8672614635
11,5,15,3,C1V2,Node_1_1075_667_3650,667,216.3076146404
11,5,15,3,C1V2,Node_1_457_819_3650,819,509.789660364409
11,5,15,3,C1V2,Node_1_860_958_3650,958,611.213617161562
11,5,15,3,C1V2,Node_1_820_1958_3650,1958,1148.47329128017
11,5,15,3,C1V2,Node_1_558_1380_3650,1380,1183.2578594246
11,5,15,3,C1V2,Node_1_839_2984_3650,2984,2925.48961387946
11,5,15,3,C1V2,Node_1_932_2265_3650,2265,2958.97837830349
11,5,15,3,C1V2,Node_1_585_2321_3650,2321,2034.62995362642
11,5,15,3,C1V2,Node_1_309_15_3650,15,-491.218247977368
11,5,15,3,C1V2,Node_1_427_731_3650,731,980.00354916483
11,5,15,3,C1V2,Node_1_774_1057_3650,1057,1079.4914067997
11,5,16,3,C1V2,Node_1_558_1380_3650,1380,953.405863276254
11,5,16,3,C1V2,Node_1_545_2505_3650,2505,2821.32968390196
11,5,16,3,C1V2,Node_1_454_1125_3650,1125,816.896453328743
11,5,16,3,C1V2,Node_1_860_958_3650,958,1124.77772425176
11,5,16,3,C1V2,Node_1_1083_1695_3650,1695,1220.98546011957
11,5,16,3,C1V2,Node_1_585_2321_3650,2321,2439.46905308928
11,5,16,3,C1V2,Node_1_932_2265_3650,2265,2467.79486105625
11,5,16,3,C1V2,Node_1_820_1958_3650,1958,1545.92788707946
11,5,16,3,C1V2,Node_1_304_1559_3650,1559,1598.00317938607
11,5,16,3,C1V2,Node_1_153_775_3650,775,572.892458895199
11,5,16,3,C1V2,Node_1_457_819_3650,819,545.730544471207
11,5,16,3,C1V2,Node_1_1075_667_3650,667,742.912387773363
11,5,16,3,C1V2,Node_1_471_206_3650,206,137.828125770984
11,5,16,3,C1V2,Node_1_507_2498_3650,2498,2169.61831730015
11,5,16,3,C1V2,Node_1_427_731_3650,731,463.094858389482
11,5,16,3,C1V2,Node_1_309_15_3650,15,-381.882443884169
11,5,16,3,C1V2,Node_1_839_2984_3650,2984,1953.08749629157
11,5,16,3,C1V2,Node_1_774_1057_3650,1057,1268.65234083756
11,5,16,3,C1V2,Node_1_1018_1904_3650,1904,1967.91884096598
11,5,16,3,C1V2,Node_1_348_2683_3650,2683,1726.76499825809
11,5,17,3,C1V2,Node_1_457_819_3650,819,864.315604196131
11,5,17,3,C1V2,Node_1_427_731_3650,731,689.632902362364
11,5,17,3,C1V2,Node_1_348_2683_3650,2683,2855.63677523525
11,5,17,3,C1V2,Node_1_585_2321_3650,2321,2226.97273436045
11,5,17,3,C1V2,Node_1_1083_1695_3650,1695,2035.17322515682
11,5,17,3,C1V2,Node_1_1075_667_3650,667,1116.87876258975
11,5,17,3,C1V2,Node_1_304_1559_3650,1559,1867.49421184782
11,5,17,3,C1V2,Node_1_153_775_3650,775,955.350914727527
11,5,17,3,C1V2,Node_1_507_2498_3650,2498,2957.24534932204
11,5,17,3,C1V2,Node_1_471_206_3650,206,-46.7712318285122
11,5,17,3,C1V2,Node_1_309_15_3650,15,-592.635454079758
11,5,17,3,C1V2,Node_1_932_2265_3650,2265,2686.1693026131
11,5,17,3,C1V2,Node_1_454_1125_3650,1125,869.395552600893
11,5,17,3,C1V2,Node_1_839_2984_3650,2984,3496.1932628402
11,5,17,3,C1V2,Node_1_860_958_3650,958,810.845678538751
11,5,17,3,C1V2,Node_1_774_1057_3650,1057,1121.26524296793
11,5,17,3,C1V2,Node_1_820_1958_3650,1958,2045.62346527667
11,5,17,3,C1V2,Node_1_545_2505_3650,2505,2815.19055951705
11,5,17,3,C1V2,Node_1_1018_1904_3650,1904,2302.9984040607
11,5,17,3,C1V2,Node_1_558_1380_3650,1380,728.742204158827
11,5,18,3,C1V2,Node_1_839_2984_3650,2984,2494.98910494391
11,5,18,3,C1V2,Node_1_507_2498_3650,2498,2750.10800512398
11,5,18,3,C1V2,Node_1_585_2321_3650,2321,2564.14245230961
11,5,18,3,C1V2,Node_1_471_206_3650,206,89.7659056532302
11,5,18,3,C1V2,Node_1_457_819_3650,819,802.175312733934
11,5,18,3,C1V2,Node_1_1083_1695_3650,1695,1281.47004500119
11,5,18,3,C1V2,Node_1_153_775_3650,775,363.553948085578
11,5,18,3,C1V2,Node_1_820_1958_3650,1958,1939.02695282244
11,5,18,3,C1V2,Node_1_932_2265_3650,2265,2420.38147332478
11,5,18,3,C1V2,Node_1_558_1380_3650,1380,1519.80722448386
11,5,18,3,C1V2,Node_1_309_15_3650,15,-266.735510267326
11,5,18,3,C1V2,Node_1_860_958_3650,958,888.208545723475
11,5,18,3,C1V2,Node_1_774_1057_3650,1057,1045.97911338722
11,5,18,3,C1V2,Node_1_304_1559_3650,1559,1781.80195822586
11,5,18,3,C1V2,Node_1_348_2683_3650,2683,3085.22867714557
11,5,18,3,C1V2,Node_1_454_1125_3650,1125,1206.67170348451
11,5,18,3,C1V2,Node_1_1075_667_3650,667,717.306038139014
11,5,18,3,C1V2,Node_1_545_2505_3650,2505,2645.86543558454
11,5,18,3,C1V2,Node_1_1018_1904_3650,1904,1801.06750163855
11,5,18,3,C1V2,Node_1_427_731_3650,731,439.610618543487
11,5,19,3,C1V2,Node_1_471_206_3650,206,152.523812590329
11,5,19,3,C1V2,Node_1_507_2498_3650,2498,2255.72073288469
11,5,19,3,C1V2,Node_1_454_1125_3650,1125,492.695142690314
11,5,19,3,C1V2,Node_1_585_2321_3650,2321,1997.8402157425
11,5,19,3,C1V2,Node_1_932_2265_3650,2265,2573.270660794
11,5,19,3,C1V2,Node_1_860_958_3650,958,615.921309854536
11,5,19,3,C1V2,Node_1_153_775_3650,775,160.52657246345
11,5,19,3,C1V2,Node_1_1018_1904_3650,1904,2179.45963081878
11,5,19,3,C1V2,Node_1_839_2984_3650,2984,3292.10246250701
11,5,19,3,C1V2,Node_1_309_15_3650,15,-207.307290247068
11,5,19,3,C1V2,Node_1_545_2505_3650,2505,2094.83966708016
11,5,19,3,C1V2,Node_1_1083_1695_3650,1695,1322.51935690546
11,5,19,3,C1V2,Node_1_427_731_3650,731,499.385005496291
11,5,19,3,C1V2,Node_1_348_2683_3650,2683,3023.87910938445
11,5,19,3,C1V2,Node_1_1075_667_3650,667,318.926465693962
11,5,19,3,C1V2,Node_1_304_1559_3650,1559,1381.98480878664
11,5,19,3,C1V2,Node_1_558_1380_3650,1380,1271.77071815673
11,5,19,3,C1V2,Node_1_774_1057_3650,1057,932.217442718899
11,5,19,3,C1V2,Node_1_820_1958_3650,1958,1831.59932228565
11,5,19,3,C1V2,Node_1_457_819_3650,819,333.217651815183
11,5,20,3,C1V2,Node_1_348_2683_3650,2683,2282.87846271964
11,5,20,3,C1V2,Node_1_774_1057_3650,1057,1011.81965428056
11,5,20,3,C1V2,Node_1_1018_1904_3650,1904,1832.5660532621
11,5,20,3,C1V2,Node_1_457_819_3650,819,597.897618878565
11,5,20,3,C1V2,Node_1_454_1125_3650,1125,885.675998414171
11,5,20,3,C1V2,Node_1_427_731_3650,731,666.048668878718
11,5,20,3,C1V2,Node_1_860_958_3650,958,654.339866069922
11,5,20,3,C1V2,Node_1_545_2505_3650,2505,2208.33305317872
11,5,20,3,C1V2,Node_1_309_15_3650,15,83.7813218600361
11,5,20,3,C1V2,Node_1_558_1380_3650,1380,1385.00113080236
11,5,20,3,C1V2,Node_1_471_206_3650,206,203.462645504101
11,5,20,3,C1V2,Node_1_507_2498_3650,2498,2608.51835357886
11,5,20,3,C1V2,Node_1_820_1958_3650,1958,1870.0201766587
11,5,20,3,C1V2,Node_1_932_2265_3650,2265,2159.77595705193
11,5,20,3,C1V2,Node_1_1083_1695_3650,1695,1569.2848028739
11,5,20,3,C1V2,Node_1_304_1559_3650,1559,1500.80106281831
11,5,20,3,C1V2,Node_1_839_2984_3650,2984,3649.99999999
11,5,20,3,C1V2,Node_1_153_775_3650,775,510.550561038132
11,5,20,3,C1V2,Node_1_1075_667_3650,667,317.245757949245
11,5,20,3,C1V2,Node_1_585_2321_3650,2321,1302.34699267687
11,5,21,3,C1V2,Node_1_454_1125_3650,1125,1035.9961392412
11,5,21,3,C1V2,Node_1_558_1380_3650,1380,735.92170515403
11,5,21,3,C1V2,Node_1_585_2321_3650,2321,2603.04593942505
11,5,21,3,C1V2,Node_1_153_775_3650,775,812.128476803468
11,5,21,3,C1V2,Node_1_304_1559_3650,1559,1502.22969242371
11,5,21,3,C1V2,Node_1_545_2505_3650,2505,2591.78284232791
11,5,21,3,C1V2,Node_1_774_1057_3650,1057,1162.67900854998
11,5,21,3,C1V2,Node_1_860_958_3650,958,894.265813163319
11,5,21,3,C1V2,Node_1_839_2984_3650,2984,3049.85425537496
11,5,21,3,C1V2,Node_1_507_2498_3650,2498,2618.92508538123
11,5,21,3,C1V2,Node_1_471_206_3650,206,71.8540099982799
11,5,21,3,C1V2,Node_1_348_2683_3650,2683,3205.91908082478
11,5,21,3,C1V2,Node_1_457_819_3650,819,710.237227410905
11,5,21,3,C1V2,Node_1_427_731_3650,731,657.22274459454
11,5,21,3,C1V2,Node_1_820_1958_3650,1958,1714.93011837359
11,5,21,3,C1V2,Node_1_309_15_3650,15,-283.902546558278
11,5,21,3,C1V2,Node_1_1083_1695_3650,1695,1486.33445091797
11,5,21,3,C1V2,Node_1_932_2265_3650,2265,2279.86161569543
11,5,21,3,C1V2,Node_1_1018_1904_3650,1904,1293.3625858606
11,5,21,3,C1V2,Node_1_1075_667_3650,667,792.479582258142
11,5,22,3,C1V2,Node_1_1018_1904_3650,1904,1903.52164236462
11,5,22,3,C1V2,Node_1_304_1559_3650,1559,1730.61678231271
11,5,22,3,C1V2,Node_1_1083_1695_3650,1695,1468.15639740077
11,5,22,3,C1V2,Node_1_558_1380_3650,1380,1347.39301767691
11,5,22,3,C1V2,Node_1_860_958_3650,958,835.225047715259
11,5,22,3,C1V2,Node_1_507_2498_3650,2498,2404.52888184317
11,5,22,3,C1V2,Node_1_471_206_3650,206,-179.293278118704
11,5,22,3,C1V2,Node_1_427_731_3650,731,650.848455489882
11,5,22,3,C1V2,Node_1_309_15_3650,15,-470.37760919947
11,5,22,3,C1V2,Node_1_545_2505_3650,2505,2333.22928039203
11,5,22,3,C1V2,Node_1_1075_667_3650,667,676.426683278264
11,5,22,3,C1V2,Node_1_348_2683_3650,2683,2258.34653453935
11,5,22,3,C1V2,Node_1_932_2265_3650,2265,2778.03720884928
11,5,22,3,C1V2,Node_1_454_1125_3650,1125,641.695130642765
11,5,22,3,C1V2,Node_1_457_819_3650,819,747.046218789284
11,5,22,3,C1V2,Node_1_585_2321_3650,2321,1876.36455993298
11,5,22,3,C1V2,Node_1_153_775_3650,775,472.653005836258
11,5,22,3,C1V2,Node_1_839_2984_3650,2984,2629.28984276731
11,5,22,3,C1V2,Node_1_774_1057_3650,1057,335.455996878053
11,5,22,3,C1V2,Node_1_820_1958_3650,1958,1718.99275448454
11,5,23,3,C1V2,Node_1_304_1559_3650,1559,1676.61479062728
11,5,23,3,C1V2,Node_1_507_2498_3650,2498,2968.62300655719
11,5,23,3,C1V2,Node_1_932_2265_3650,2265,2586.97849141058
11,5,23,3,C1V2,Node_1_585_2321_3650,2321,1752.55118710074
11,5,23,3,C1V2,Node_1_309_15_3650,15,-350.084422778329
11,5,23,3,C1V2,Node_1_774_1057_3650,1057,756.585565620101
11,5,23,3,C1V2,Node_1_1075_667_3650,667,875.367056694442
11,5,23,3,C1V2,Node_1_558_1380_3650,1380,1606.13398444796
11,5,23,3,C1V2,Node_1_860_958_3650,958,525.454326400672
11,5,23,3,C1V2,Node_1_153_775_3650,775,528.684274120182
11,5,23,3,C1V2,Node_1_839_2984_3650,2984,3649.99999999
11,5,23,3,C1V2,Node_1_454_1125_3650,1125,763.673447711451
11,5,23,3,C1V2,Node_1_545_2505_3650,2505,2097.81838791513
11,5,23,3,C1V2,Node_1_427_731_3650,731,820.657213856709
11,5,23,3,C1V2,Node_1_457_819_3650,819,750.417384919096
11,5,23,3,C1V2,Node_1_1083_1695_3650,1695,1396.01908104914
11,5,23,3,C1V2,Node_1_471_206_3650,206,-279.958567551292
11,5,23,3,C1V2,Node_1_348_2683_3650,2683,1693.77415968194
11,5,23,3,C1V2,Node_1_1018_1904_3650,1904,2130.14426533354
11,5,23,3,C1V2,Node_1_820_1958_3650,1958,1042.62014504062
11,5,24,3,C1V2,Node_1_932_2265_3650,2265,2021.45232269226
11,5,24,3,C1V2,Node_1_507_2498_3650,2498,2379.31737359781
11,5,24,3,C1V2,Node_1_471_206_3650,206,220.025521037705
11,5,24,3,C1V2,Node_1_1083_1695_3650,1695,1974.46039349827
11,5,24,3,C1V2,Node_1_585_2321_3650,2321,2591.40819674325
11,5,24,3,C1V2,Node_1_860_958_3650,958,841.405760489565
11,5,24,3,C1V2,Node_1_1075_667_3650,667,484.238837174629
11,5,24,3,C1V2,Node_1_309_15_3650,15,90.4019005350837
11,5,24,3,C1V2,Node_1_348_2683_3650,2683,2716.67855021963
11,5,24,3,C1V2,Node_1_457_819_3650,819,756.979029468828
11,5,24,3,C1V2,Node_1_545_2505_3650,2505,2663.78199836792
11,5,24,3,C1V2,Node_1_1018_1904_3650,1904,1996.63605723429
11,5,24,3,C1V2,Node_1_820_1958_3650,1958,1593.66710328162
11,5,24,3,C1V2,Node_1_558_1380_3650,1380,1098.23897103749
11,5,24,3,C1V2,Node_1_153_775_3650,775,665.190694634947
11,5,24,3,C1V2,Node_1_427_731_3650,731,646.275810193404
11,5,24,3,C1V2,Node_1_839_2984_3650,2984,2318.43290179581
11,5,24,3,C1V2,Node_1_304_1559_3650,1559,1825.07551655946
11,5,24,3,C1V2,Node_1_774_1057_3650,1057,1011.5064483749
11,5,24,3,C1V2,Node_1_454_1125_3650,1125,178.611913902472
11,5,25,3,C1V2,Node_1_1075_667_3650,667,814.834888901272
11,5,25,3,C1V2,Node_1_153_775_3650,775,419.221855904332
11,5,25,3,C1V2,Node_1_1018_1904_3650,1904,1828.88028704149
11,5,25,3,C1V2,Node_1_348_2683_3650,2683,2860.64375183426
11,5,25,3,C1V2,Node_1_1083_1695_3650,1695,1864.73574709247
11,5,25,3,C1V2,Node_1_304_1559_3650,1559,2052.52906085017
11,5,25,3,C1V2,Node_1_309_15_3650,15,-25.5663507222151
11,5,25,3,C1V2,Node_1_932_2265_3650,2265,1807.50463983911
11,5,25,3,C1V2,Node_1_820_1958_3650,1958,1440.47213606393
11,5,25,3,C1V2,Node_1_774_1057_3650,1057,939.740145225764
11,5,25,3,C1V2,Node_1_454_1125_3650,1125,842.43697424554
11,5,25,3,C1V2,Node_1_839_2984_3650,2984,3133.71369669931
11,5,25,3,C1V2,Node_1_427_731_3650,731,794.0048205378
11,5,25,3,C1V2,Node_1_457_819_3650,819,498.752223859605
11,5,25,3,C1V2,Node_1_860_958_3650,958,588.744414410678
11,5,25,3,C1V2,Node_1_558_1380_3650,1380,1625.4717823129
11,5,25,3,C1V2,Node_1_545_2505_3650,2505,2067.37642261619
11,5,25,3,C1V2,Node_1_585_2321_3650,2321,2475.95364120846
11,5,25,3,C1V2,Node_1_471_206_3650,206,-71.7711694001211
11,5,25,3,C1V2,Node_1_507_2498_3650,2498,2805.66652941832
11,5,26,3,C1V2,Node_1_427_731_3650,731,637.816334961188
11,5,26,3,C1V2,Node_1_820_1958_3650,1958,2121.69467834903
11,5,26,3,C1V2,Node_1_309_15_3650,15,-214.427407314066
11,5,26,3,C1V2,Node_1_153_775_3650,775,627.34360638208
11,5,26,3,C1V2,Node_1_1075_667_3650,667,560.952687498257
11,5,26,3,C1V2,Node_1_860_958_3650,958,1108.01922758615
11,5,26,3,C1V2,Node_1_585_2321_3650,2321,2381.85612379176
11,5,26,3,C1V2,Node_1_545_2505_3650,2505,2686.9452533176
11,5,26,3,C1V2,Node_1_839_2984_3650,2984,2160.07879494071
11,5,26,3,C1V2,Node_1_471_206_3650,206,368.419778206142
11,5,26,3,C1V2,Node_1_558_1380_3650,1380,1282.79364230866
11,5,26,3,C1V2,Node_1_454_1125_3650,1125,742.535191261392
11,5,26,3,C1V2,Node_1_348_2683_3650,2683,1989.93554048628
11,5,26,3,C1V2,Node_1_304_1559_3650,1559,1876.91232260822
11,5,26,3,C1V2,Node_1_1083_1695_3650,1695,2074.75239262398
11,5,26,3,C1V2,Node_1_1018_1904_3650,1904,1673.54932454884
11,5,26,3,C1V2,Node_1_774_1057_3650,1057,571.923355143936
11,5,26,3,C1V2,Node_1_932_2265_3650,2265,2546.28161703198
11,5,26,3,C1V2,Node_1_457_819_3650,819,912.862261798375
11,5,26,3,C1V2,Node_1_507_2498_3650,2498,2928.51237726518
11,5,27,3,C1V2,Node_1_774_1057_3650,1057,860.153552755492
11,5,27,3,C1V2,Node_1_932_2265_3650,2265,2073.46407812257
11,5,27,3,C1V2,Node_1_153_775_3650,775,472.213935541668
11,5,27,3,C1V2,Node_1_839_2984_3650,2984,3106.38106221422
11,5,27,3,C1V2,Node_1_860_958_3650,958,891.190080776344
11,5,27,3,C1V2,Node_1_1018_1904_3650,1904,1390.92962659869
11,5,27,3,C1V2,Node_1_304_1559_3650,1559,1715.25797175819
11,5,27,3,C1V2,Node_1_507_2498_3650,2498,2592.4740136057
11,5,27,3,C1V2,Node_1_820_1958_3650,1958,2412.47103666624
11,5,27,3,C1V2,Node_1_545_2505_3650,2505,2464.70894414287
11,5,27,3,C1V2,Node_1_1083_1695_3650,1695,1651.5014055153
11,5,27,3,C1V2,Node_1_471_206_3650,206,-22.9441715539759
11,5,27,3,C1V2,Node_1_309_15_3650,15,-143.573444129841
11,5,27,3,C1V2,Node_1_558_1380_3650,1380,1214.20107529721
11,5,27,3,C1V2,Node_1_1075_667_3650,667,484.315288387728
11,5,27,3,C1V2,Node_1_427_731_3650,731,758.109206804659
11,5,27,3,C1V2,Node_1_348_2683_3650,2683,2437.76605928973
11,5,27,3,C1V2,Node_1_454_1125_3650,1125,977.065873694285
11,5,27,3,C1V2,Node_1_457_819_3650,819,537.277629170218
11,5,27,3,C1V2,Node_1_585_2321_3650,2321,2227.26636188884
11,5,28,3,C1V2,Node_1_932_2265_3650,2265,2592.14144728831
11,5,28,3,C1V2,Node_1_1083_1695_3650,1695,1825.99078396544
11,5,28,3,C1V2,Node_1_507_2498_3650,2498,2652.74455181513
11,5,28,3,C1V2,Node_1_471_206_3650,206,12.8629120089278
11,5,28,3,C1V2,Node_1_309_15_3650,15,-132.665524023377
11,5,28,3,C1V2,Node_1_454_1125_3650,1125,964.858819971931
11,5,28,3,C1V2,Node_1_153_775_3650,775,304.542706296516
11,5,28,3,C1V2,Node_1_545_2505_3650,2505,2476.57541244777
11,5,28,3,C1V2,Node_1_1075_667_3650,667,728.813472430533
11,5,28,3,C1V2,Node_1_304_1559_3650,1559,2051.48104907598
11,5,28,3,C1V2,Node_1_457_819_3650,819,869.056218818467
11,5,28,3,C1V2,Node_1_774_1057_3650,1057,976.437326244384
11,5,28,3,C1V2,Node_1_427_731_3650,731,698.048327910834
11,5,28,3,C1V2,Node_1_860_958_3650,958,1041.73157712177
11,5,28,3,C1V2,Node_1_585_2321_3650,2321,2416.69638885277
11,5,28,3,C1V2,Node_1_1018_1904_3650,1904,1690.66637855578
11,5,28,3,C1V2,Node_1_820_1958_3650,1958,2277.71590482906
11,5,28,3,C1V2,Node_1_558_1380_3650,1380,1125.29714756045
11,5,28,3,C1V2,Node_1_348_2683_3650,2683,2770.01024570174
11,5,28,3,C1V2,Node_1_839_2984_3650,2984,3131.02402666082
11,5,29,3,C1V2,Node_1_774_1057_3650,1057,545.09168199229
11,5,29,3,C1V2,Node_1_304_1559_3650,1559,1882.59721890368
11,5,29,3,C1V2,Node_1_585_2321_3650,2321,1983.77635175304
11,5,29,3,C1V2,Node_1_1083_1695_3650,1695,1281.20563622499
11,5,29,3,C1V2,Node_1_454_1125_3650,1125,1109.48214661957
11,5,29,3,C1V2,Node_1_153_775_3650,775,634.426704453558
11,5,29,3,C1V2,Node_1_558_1380_3650,1380,1398.87564339218
11,5,29,3,C1V2,Node_1_1075_667_3650,667,739.72856391422
11,5,29,3,C1V2,Node_1_839_2984_3650,2984,2387.59626827243
11,5,29,3,C1V2,Node_1_820_1958_3650,1958,1789.24286018665
11,5,29,3,C1V2,Node_1_545_2505_3650,2505,2085.62547120967
11,5,29,3,C1V2,Node_1_427_731_3650,731,815.346617126086
11,5,29,3,C1V2,Node_1_1018_1904_3650,1904,1791.25458831826
11,5,29,3,C1V2,Node_1_309_15_3650,15,-18.4548893642677
11,5,29,3,C1V2,Node_1_471_206_3650,206,83.23705531192
11,5,29,3,C1V2,Node_1_507_2498_3650,2498,2891.66614652655
11,5,29,3,C1V2,Node_1_932_2265_3650,2265,1704.488686096
11,5,29,3,C1V2,Node_1_457_819_3650,819,823.178049565295
11,5,29,3,C1V2,Node_1_860_958_3650,958,1044.83480209522
11,5,29,3,C1V2,Node_1_348_2683_3650,2683,2617.48474945232
11,5,30,3,C1V2,Node_1_304_1559_3650,1559,1417.65542377358
11,5,30,3,C1V2,Node_1_153_775_3650,775,425.145592358601
11,5,30,3,C1V2,Node_1_348_2683_3650,2683,1965.21217341058
11,5,30,3,C1V2,Node_1_545_2505_3650,2505,2437.09368382644
11,5,30,3,C1V2,Node_1_309_15_3650,15,-405.512034328326
11,5,30,3,C1V2,Node_1_427_731_3650,731,749.254462911533
11,5,30,3,C1V2,Node_1_471_206_3650,206,-131.127083992903
11,5,30,3,C1V2,Node_1_1075_667_3650,667,646.959489155056
11,5,30,3,C1V2,Node_1_507_2498_3650,2498,2828.27573800303
11,5,30,3,C1V2,Node_1_1083_1695_3650,1695,1543.37353281206
11,5,30,3,C1V2,Node_1_932_2265_3650,2265,2164.65287934498
11,5,30,3,C1V2,Node_1_860_958_3650,958,823.173353985072
11,5,30,3,C1V2,Node_1_820_1958_3650,1958,1555.1185741802
11,5,30,3,C1V2,Node_1_454_1125_3650,1125,1174.81644592754
11,5,30,3,C1V2,Node_1_1018_1904_3650,1904,1658.07381447817
11,5,30,3,C1V2,Node_1_774_1057_3650,1057,819.230419985671
11,5,30,3,C1V2,Node_1_457_819_3650,819,679.334891923777
11,5,30,3,C1V2,Node_1_839_2984_3650,2984,3023.43264285762
11,5,30,3,C1V2,Node_1_585_2321_3650,2321,2029.10025528901
11,5,30,3,C1V2,Node_1_558_1380_3650,1380,777.212657867557
