batch,rep,ali,sub,gene,run,nodeName,trueDate,nodeDate,lowCI,highCI
11,3,1,3,nef,1,Node_1_52_1818_1825,1818,1424.277,945.038,1824.649
11,3,1,3,nef,1,Node_1_129_1541_1825,1541,1469.062,1041.026,1824.746
11,3,1,3,nef,1,Node_1_162_901_1825,901,544.153,-38.261,1132.972
11,3,1,3,nef,1,Node_1_182_2999_3650,2999,3190.745,2554.698,3649.773
11,3,1,3,nef,1,Node_1_200_3630_3650,3630,3044.118,2273.396,3649.880
11,3,1,3,nef,1,Node_1_204_1570_1825,1570,1358.062,862.094,1824.937
11,3,1,3,nef,1,Node_1_290_3565_3650,3565,3474.606,3227.395,3649.951
11,3,1,3,nef,1,Node_1_355_3369_3650,3369,3067.638,2418.121,3649.265
11,3,1,3,nef,1,Node_1_509_1468_1825,1468,1526.205,1123.790,1824.968
11,3,1,3,nef,1,Node_1_526_750_1825,750,1071.681,456.847,1793.455
11,3,1,3,nef,1,Node_1_552_1609_3650,1609,1596.910,970.042,2315.435
11,3,1,3,nef,1,Node_1_611_3263_3650,3263,3409.084,3073.779,3649.993
11,3,1,3,nef,1,Node_1_685_1068_1825,1068,1076.263,506.960,1700.986
11,3,1,3,nef,1,Node_1_699_453_1825,453,972.696,379.457,1670.705
11,3,1,3,nef,1,Node_1_720_2482_3650,2482,2836.933,2174.335,3627.232
11,3,1,3,nef,1,Node_1_721_3247_3650,3247,3288.256,2754.773,3649.920
11,3,1,3,nef,1,Node_1_724_2086_3650,2086,2243.113,1394.697,3104.234
11,3,1,3,nef,1,Node_1_762_805_3650,805,670.403,121.605,1284.478
11,3,1,3,nef,1,Node_1_775_1064_3650,1064,1121.680,544.391,1736.609
11,3,1,3,nef,1,Node_1_798_778_3650,778,758.076,153.621,1477.701
11,3,1,3,nef,1,Node_1_826_76_3650,76,276.577,-44.176,725.705
11,3,1,3,nef,1,Node_1_878_1254_3650,1254,1063.058,426.000,1814.895
11,3,1,3,nef,1,Node_1_922_1637_1825,1637,1506.535,1063.402,1824.961
11,3,1,3,nef,1,Node_1_947_60_3650,60,395.782,-6.023,836.896
11,3,1,3,nef,1,Node_1_1017_763_1825,763,761.192,176.834,1383.761
11,3,1,3,nef,1,Node_1_1063_1418_3650,1418,2396.081,1643.640,3274.129
11,3,1,3,nef,1,Node_1_1112_13_3650,13,267.198,-44.979,605.881
11,3,1,3,nef,1,Node_1_1118_1241_3650,1241,2038.063,1024.523,3152.155
11,3,1,3,nef,1,Node_1_1228_357_3650,357,99.777,-44.982,389.049
11,3,1,3,nef,1,Node_1_1280_722_3650,722,689.872,83.710,1382.951
11,3,2,3,nef,1,Node_1_52_1818_1825,1818,1463.957,979.189,1824.930
11,3,2,3,nef,1,Node_1_129_1541_1825,1541,1426.734,1028.900,1824.970
11,3,2,3,nef,1,Node_1_162_901_1825,901,1105.098,500.555,1803.275
11,3,2,3,nef,1,Node_1_182_2999_3650,2999,3019.518,2275.750,3649.642
11,3,2,3,nef,1,Node_1_200_3630_3650,3630,3202.755,2561.354,3649.995
11,3,2,3,nef,1,Node_1_204_1570_1825,1570,1348.850,809.185,1824.972
11,3,2,3,nef,1,Node_1_290_3565_3650,3565,3469.465,3131.758,3649.990
11,3,2,3,nef,1,Node_1_355_3369_3650,3369,2831.631,2084.963,3561.734
11,3,2,3,nef,1,Node_1_509_1468_1825,1468,1522.814,1130.853,1824.945
11,3,2,3,nef,1,Node_1_526_750_1825,750,885.122,228.019,1609.844
11,3,2,3,nef,1,Node_1_552_1609_3650,1609,1557.156,935.813,2170.758
11,3,2,3,nef,1,Node_1_611_3263_3650,3263,3394.491,3056.321,3649.687
11,3,2,3,nef,1,Node_1_685_1068_1825,1068,1423.439,928.022,1824.940
11,3,2,3,nef,1,Node_1_699_453_1825,453,609.072,-29.647,1244.943
11,3,2,3,nef,1,Node_1_720_2482_3650,2482,2685.456,1898.212,3527.057
11,3,2,3,nef,1,Node_1_721_3247_3650,3247,3189.932,2557.931,3649.822
11,3,2,3,nef,1,Node_1_724_2086_3650,2086,2955.136,2211.138,3649.810
11,3,2,3,nef,1,Node_1_762_805_3650,805,826.938,172.411,1606.219
11,3,2,3,nef,1,Node_1_775_1064_3650,1064,1093.982,391.671,1803.633
11,3,2,3,nef,1,Node_1_798_778_3650,778,1172.611,377.249,2087.942
11,3,2,3,nef,1,Node_1_826_76_3650,76,124.117,-44.917,437.543
11,3,2,3,nef,1,Node_1_878_1254_3650,1254,2508.181,1626.990,3492.255
11,3,2,3,nef,1,Node_1_922_1637_1825,1637,1226.509,656.029,1824.890
11,3,2,3,nef,1,Node_1_947_60_3650,60,152.746,-44.789,469.134
11,3,2,3,nef,1,Node_1_1017_763_1825,763,1323.333,817.778,1824.837
11,3,2,3,nef,1,Node_1_1063_1418_3650,1418,1433.852,666.962,2283.423
11,3,2,3,nef,1,Node_1_1112_13_3650,13,109.016,-44.935,407.824
11,3,2,3,nef,1,Node_1_1118_1241_3650,1241,1326.655,462.966,2236.183
11,3,2,3,nef,1,Node_1_1228_357_3650,357,664.099,37.502,1310.462
11,3,2,3,nef,1,Node_1_1280_722_3650,722,669.238,-32.719,1431.957
11,3,3,3,nef,1,Node_1_52_1818_1825,1818,1489.709,1012.528,1824.956
11,3,3,3,nef,1,Node_1_129_1541_1825,1541,1558.657,1221.679,1824.977
11,3,3,3,nef,1,Node_1_162_901_1825,901,1442.025,939.590,1824.965
11,3,3,3,nef,1,Node_1_182_2999_3650,2999,2822.740,1999.245,3649.794
11,3,3,3,nef,1,Node_1_200_3630_3650,3630,3224.414,2552.975,3649.964
11,3,3,3,nef,1,Node_1_204_1570_1825,1570,1640.254,1318.290,1824.883
11,3,3,3,nef,1,Node_1_290_3565_3650,3565,3361.889,2902.432,3649.961
11,3,3,3,nef,1,Node_1_355_3369_3650,3369,3241.045,2742.523,3649.067
11,3,3,3,nef,1,Node_1_509_1468_1825,1468,1430.147,956.834,1824.430
11,3,3,3,nef,1,Node_1_526_750_1825,750,260.204,-44.961,729.960
11,3,3,3,nef,1,Node_1_552_1609_3650,1609,1802.300,1303.019,2353.062
11,3,3,3,nef,1,Node_1_611_3263_3650,3263,3405.876,3027.417,3649.995
11,3,3,3,nef,1,Node_1_685_1068_1825,1068,1250.758,681.172,1824.761
11,3,3,3,nef,1,Node_1_699_453_1825,453,906.530,275.510,1608.783
11,3,3,3,nef,1,Node_1_720_2482_3650,2482,2598.848,1813.624,3471.822
11,3,3,3,nef,1,Node_1_721_3247_3650,3247,3231.815,2621.897,3649.942
11,3,3,3,nef,1,Node_1_724_2086_3650,2086,2113.617,1234.804,3107.594
11,3,3,3,nef,1,Node_1_762_805_3650,805,203.868,-44.979,629.334
11,3,3,3,nef,1,Node_1_775_1064_3650,1064,1457.703,884.678,2030.793
11,3,3,3,nef,1,Node_1_798_778_3650,778,1326.885,418.464,2445.331
11,3,3,3,nef,1,Node_1_826_76_3650,76,128.838,-44.879,466.596
11,3,3,3,nef,1,Node_1_878_1254_3650,1254,930.727,125.384,1787.235
11,3,3,3,nef,1,Node_1_922_1637_1825,1637,1081.715,420.257,1824.278
11,3,3,3,nef,1,Node_1_947_60_3650,60,163.316,-44.986,498.675
11,3,3,3,nef,1,Node_1_1017_763_1825,763,711.609,111.234,1423.512
11,3,3,3,nef,1,Node_1_1063_1418_3650,1418,1444.932,825.965,2141.453
11,3,3,3,nef,1,Node_1_1112_13_3650,13,135.372,-44.977,459.634
11,3,3,3,nef,1,Node_1_1118_1241_3650,1241,1922.760,890.473,3083.595
11,3,3,3,nef,1,Node_1_1228_357_3650,357,503.294,-44.408,1126.498
11,3,3,3,nef,1,Node_1_1280_722_3650,722,1148.537,435.840,1968.858
11,3,4,3,nef,1,Node_1_52_1818_1825,1818,1521.126,1072.187,1824.767
11,3,4,3,nef,1,Node_1_129_1541_1825,1541,1308.504,864.104,1824.035
11,3,4,3,nef,1,Node_1_162_901_1825,901,668.283,-0.858,1389.799
11,3,4,3,nef,1,Node_1_182_2999_3650,2999,2838.739,2037.541,3649.818
11,3,4,3,nef,1,Node_1_200_3630_3650,3630,2905.459,2073.722,3649.871
11,3,4,3,nef,1,Node_1_204_1570_1825,1570,1315.387,705.713,1824.678
11,3,4,3,nef,1,Node_1_290_3565_3650,3565,3281.886,2806.216,3649.997
11,3,4,3,nef,1,Node_1_355_3369_3650,3369,3041.507,2483.430,3647.505
11,3,4,3,nef,1,Node_1_509_1468_1825,1468,1282.925,826.085,1809.437
11,3,4,3,nef,1,Node_1_526_750_1825,750,577.736,-39.031,1235.188
11,3,4,3,nef,1,Node_1_552_1609_3650,1609,1771.895,1250.617,2289.211
11,3,4,3,nef,1,Node_1_611_3263_3650,3263,3297.614,2899.019,3649.927
11,3,4,3,nef,1,Node_1_685_1068_1825,1068,938.422,394.877,1547.290
11,3,4,3,nef,1,Node_1_699_453_1825,453,341.913,-41.351,764.416
11,3,4,3,nef,1,Node_1_720_2482_3650,2482,2071.097,1323.715,2843.191
11,3,4,3,nef,1,Node_1_721_3247_3650,3247,3374.341,2897.939,3649.983
11,3,4,3,nef,1,Node_1_724_2086_3650,2086,2031.225,1187.294,3009.246
11,3,4,3,nef,1,Node_1_762_805_3650,805,234.817,-44.941,642.833
11,3,4,3,nef,1,Node_1_775_1064_3650,1064,1270.446,624.384,1937.768
11,3,4,3,nef,1,Node_1_798_778_3650,778,587.015,40.739,1181.815
11,3,4,3,nef,1,Node_1_826_76_3650,76,153.421,-44.952,521.148
11,3,4,3,nef,1,Node_1_878_1254_3650,1254,1180.845,412.312,2042.636
11,3,4,3,nef,1,Node_1_922_1637_1825,1637,1384.299,881.765,1824.726
11,3,4,3,nef,1,Node_1_947_60_3650,60,99.765,-44.940,386.634
11,3,4,3,nef,1,Node_1_1017_763_1825,763,1171.424,627.155,1824.602
11,3,4,3,nef,1,Node_1_1063_1418_3650,1418,1237.428,663.177,1913.150
11,3,4,3,nef,1,Node_1_1112_13_3650,13,100.325,-44.996,392.129
11,3,4,3,nef,1,Node_1_1118_1241_3650,1241,1859.775,902.382,2958.225
11,3,4,3,nef,1,Node_1_1228_357_3650,357,233.170,-44.791,565.802
11,3,4,3,nef,1,Node_1_1280_722_3650,722,1859.126,895.635,2936.800
11,3,5,3,nef,1,Node_1_52_1818_1825,1818,1497.579,1056.508,1824.968
11,3,5,3,nef,1,Node_1_129_1541_1825,1541,1433.218,1027.257,1824.877
11,3,5,3,nef,1,Node_1_162_901_1825,901,740.423,130.837,1449.601
11,3,5,3,nef,1,Node_1_182_2999_3650,2999,3240.271,2619.508,3649.971
11,3,5,3,nef,1,Node_1_200_3630_3650,3630,3281.055,2682.833,3649.994
11,3,5,3,nef,1,Node_1_204_1570_1825,1570,1308.577,767.805,1824.981
11,3,5,3,nef,1,Node_1_290_3565_3650,3565,3396.434,2971.288,3649.988
11,3,5,3,nef,1,Node_1_355_3369_3650,3369,3188.938,2655.866,3649.180
11,3,5,3,nef,1,Node_1_509_1468_1825,1468,1377.136,962.642,1824.827
11,3,5,3,nef,1,Node_1_526_750_1825,750,719.394,131.946,1382.586
11,3,5,3,nef,1,Node_1_552_1609_3650,1609,1365.936,815.202,1961.043
11,3,5,3,nef,1,Node_1_611_3263_3650,3263,3357.049,3031.375,3649.954
11,3,5,3,nef,1,Node_1_685_1068_1825,1068,901.730,344.439,1529.378
11,3,5,3,nef,1,Node_1_699_453_1825,453,232.814,-44.790,646.242
11,3,5,3,nef,1,Node_1_720_2482_3650,2482,2513.965,1701.906,3362.753
11,3,5,3,nef,1,Node_1_721_3247_3650,3247,3415.444,3002.785,3649.993
11,3,5,3,nef,1,Node_1_724_2086_3650,2086,2503.452,1654.442,3449.395
11,3,5,3,nef,1,Node_1_762_805_3650,805,1546.445,615.292,2538.310
11,3,5,3,nef,1,Node_1_775_1064_3650,1064,1420.283,824.879,2014.541
11,3,5,3,nef,1,Node_1_798_778_3650,778,1191.904,492.682,2070.380
11,3,5,3,nef,1,Node_1_826_76_3650,76,472.740,-29.534,1042.755
11,3,5,3,nef,1,Node_1_878_1254_3650,1254,1841.912,862.152,2907.784
11,3,5,3,nef,1,Node_1_922_1637_1825,1637,1525.767,1090.778,1824.896
11,3,5,3,nef,1,Node_1_947_60_3650,60,131.008,-44.846,424.310
11,3,5,3,nef,1,Node_1_1017_763_1825,763,1124.353,584.003,1780.201
11,3,5,3,nef,1,Node_1_1063_1418_3650,1418,1019.980,455.578,1676.956
11,3,5,3,nef,1,Node_1_1112_13_3650,13,100.307,-44.980,390.828
11,3,5,3,nef,1,Node_1_1118_1241_3650,1241,1260.086,430.562,2153.814
11,3,5,3,nef,1,Node_1_1228_357_3650,357,156.743,-44.981,480.901
11,3,5,3,nef,1,Node_1_1280_722_3650,722,1962.382,1022.452,3017.050
11,3,6,3,nef,1,Node_1_52_1818_1825,1818,1475.586,991.625,1824.988
11,3,6,3,nef,1,Node_1_129_1541_1825,1541,1541.165,1146.925,1824.843
11,3,6,3,nef,1,Node_1_162_901_1825,901,1126.930,538.548,1821.112
11,3,6,3,nef,1,Node_1_182_2999_3650,2999,3431.147,3036.003,3649.996
11,3,6,3,nef,1,Node_1_200_3630_3650,3630,3232.542,2595.669,3649.969
11,3,6,3,nef,1,Node_1_204_1570_1825,1570,1697.094,1460.320,1824.971
11,3,6,3,nef,1,Node_1_290_3565_3650,3565,3138.344,2537.238,3648.862
11,3,6,3,nef,1,Node_1_355_3369_3650,3369,3350.200,2851.908,3649.962
11,3,6,3,nef,1,Node_1_509_1468_1825,1468,1441.336,1006.216,1824.846
11,3,6,3,nef,1,Node_1_526_750_1825,750,1376.073,870.921,1824.998
11,3,6,3,nef,1,Node_1_552_1609_3650,1609,2031.745,1426.287,2737.780
11,3,6,3,nef,1,Node_1_611_3263_3650,3263,3116.299,2638.939,3649.541
11,3,6,3,nef,1,Node_1_685_1068_1825,1068,1258.344,720.555,1824.859
11,3,6,3,nef,1,Node_1_699_453_1825,453,423.972,-44.204,989.670
11,3,6,3,nef,1,Node_1_720_2482_3650,2482,2767.412,2021.155,3571.947
11,3,6,3,nef,1,Node_1_721_3247_3650,3247,3311.702,2778.444,3649.910
11,3,6,3,nef,1,Node_1_724_2086_3650,2086,2351.433,1513.346,3182.981
11,3,6,3,nef,1,Node_1_762_805_3650,805,1353.091,605.043,2194.865
11,3,6,3,nef,1,Node_1_775_1064_3650,1064,1074.833,485.048,1640.383
11,3,6,3,nef,1,Node_1_798_778_3650,778,1793.283,854.486,2862.273
11,3,6,3,nef,1,Node_1_826_76_3650,76,265.140,-44.985,607.073
11,3,6,3,nef,1,Node_1_878_1254_3650,1254,1695.589,820.891,2649.118
11,3,6,3,nef,1,Node_1_922_1637_1825,1637,1268.182,707.593,1824.487
11,3,6,3,nef,1,Node_1_947_60_3650,60,299.107,-44.923,764.465
11,3,6,3,nef,1,Node_1_1017_763_1825,763,626.477,55.812,1302.233
11,3,6,3,nef,1,Node_1_1063_1418_3650,1418,908.117,301.317,1594.498
11,3,6,3,nef,1,Node_1_1112_13_3650,13,175.957,-44.786,537.645
11,3,6,3,nef,1,Node_1_1118_1241_3650,1241,868.958,110.254,1701.997
11,3,6,3,nef,1,Node_1_1228_357_3650,357,100.076,-44.983,390.311
11,3,6,3,nef,1,Node_1_1280_722_3650,722,379.760,-44.691,914.928
11,3,7,3,nef,1,Node_1_52_1818_1825,1818,1479.725,1013.843,1824.986
11,3,7,3,nef,1,Node_1_129_1541_1825,1541,1545.428,1148.578,1824.981
11,3,7,3,nef,1,Node_1_162_901_1825,901,736.499,123.884,1376.972
11,3,7,3,nef,1,Node_1_182_2999_3650,2999,3172.598,2497.799,3649.896
11,3,7,3,nef,1,Node_1_200_3630_3650,3630,3046.490,2271.318,3649.992
11,3,7,3,nef,1,Node_1_204_1570_1825,1570,1233.129,661.423,1824.928
11,3,7,3,nef,1,Node_1_290_3565_3650,3565,3222.792,2689.378,3649.888
11,3,7,3,nef,1,Node_1_355_3369_3650,3369,2768.858,2122.624,3528.894
11,3,7,3,nef,1,Node_1_509_1468_1825,1468,1272.993,798.033,1824.720
11,3,7,3,nef,1,Node_1_526_750_1825,750,1015.774,407.341,1694.400
11,3,7,3,nef,1,Node_1_552_1609_3650,1609,2034.437,1398.636,2703.629
11,3,7,3,nef,1,Node_1_611_3263_3650,3263,2633.696,2165.259,3108.454
11,3,7,3,nef,1,Node_1_685_1068_1825,1068,1040.772,450.169,1715.750
11,3,7,3,nef,1,Node_1_699_453_1825,453,1002.022,396.963,1699.010
11,3,7,3,nef,1,Node_1_720_2482_3650,2482,2229.261,1572.836,2959.823
11,3,7,3,nef,1,Node_1_721_3247_3650,3247,3369.396,2900.271,3649.961
11,3,7,3,nef,1,Node_1_724_2086_3650,2086,1523.216,857.211,2219.084
11,3,7,3,nef,1,Node_1_762_805_3650,805,1152.201,532.916,1888.801
11,3,7,3,nef,1,Node_1_775_1064_3650,1064,1091.780,573.944,1632.623
11,3,7,3,nef,1,Node_1_798_778_3650,778,937.252,317.414,1682.028
11,3,7,3,nef,1,Node_1_826_76_3650,76,274.065,-44.998,665.654
11,3,7,3,nef,1,Node_1_878_1254_3650,1254,997.263,322.975,1734.244
11,3,7,3,nef,1,Node_1_922_1637_1825,1637,1497.587,1042.792,1824.843
11,3,7,3,nef,1,Node_1_947_60_3650,60,164.326,-44.971,492.605
11,3,7,3,nef,1,Node_1_1017_763_1825,763,725.931,201.691,1264.007
11,3,7,3,nef,1,Node_1_1063_1418_3650,1418,1962.635,1266.780,2756.737
11,3,7,3,nef,1,Node_1_1112_13_3650,13,83.128,-44.933,346.735
11,3,7,3,nef,1,Node_1_1118_1241_3650,1241,1505.653,740.457,2373.175
11,3,7,3,nef,1,Node_1_1228_357_3650,357,575.694,10.231,1199.268
11,3,7,3,nef,1,Node_1_1280_722_3650,722,554.552,35.587,1137.509
11,3,8,3,nef,1,Node_1_52_1818_1825,1818,1358.689,850.052,1824.923
11,3,8,3,nef,1,Node_1_129_1541_1825,1541,1418.675,1040.035,1824.236
11,3,8,3,nef,1,Node_1_162_901_1825,901,1216.793,701.784,1823.662
11,3,8,3,nef,1,Node_1_182_2999_3650,2999,2843.314,2000.433,3649.913
11,3,8,3,nef,1,Node_1_200_3630_3650,3630,3157.353,2458.934,3649.906
11,3,8,3,nef,1,Node_1_204_1570_1825,1570,1392.907,880.955,1824.752
11,3,8,3,nef,1,Node_1_290_3565_3650,3565,3270.592,2713.034,3649.574
11,3,8,3,nef,1,Node_1_355_3369_3650,3369,3138.129,2739.008,3613.079
11,3,8,3,nef,1,Node_1_509_1468_1825,1468,1452.444,997.772,1824.958
11,3,8,3,nef,1,Node_1_526_750_1825,750,1005.750,388.220,1702.686
11,3,8,3,nef,1,Node_1_552_1609_3650,1609,1541.632,1090.451,2027.199
11,3,8,3,nef,1,Node_1_611_3263_3650,3263,3070.288,2569.507,3621.861
11,3,8,3,nef,1,Node_1_685_1068_1825,1068,1074.193,475.253,1749.360
11,3,8,3,nef,1,Node_1_699_453_1825,453,682.930,100.296,1324.694
11,3,8,3,nef,1,Node_1_720_2482_3650,2482,2426.739,1688.045,3204.563
11,3,8,3,nef,1,Node_1_721_3247_3650,3247,3340.949,2842.427,3649.902
11,3,8,3,nef,1,Node_1_724_2086_3650,2086,2269.115,1501.919,3137.801
11,3,8,3,nef,1,Node_1_762_805_3650,805,1486.780,496.395,2548.327
11,3,8,3,nef,1,Node_1_775_1064_3650,1064,1237.032,658.372,1814.738
11,3,8,3,nef,1,Node_1_798_778_3650,778,765.999,191.890,1449.967
11,3,8,3,nef,1,Node_1_826_76_3650,76,128.354,-44.945,456.779
11,3,8,3,nef,1,Node_1_878_1254_3650,1254,1678.685,788.875,2680.839
11,3,8,3,nef,1,Node_1_922_1637_1825,1637,1446.879,952.219,1824.987
11,3,8,3,nef,1,Node_1_947_60_3650,60,210.004,-44.979,586.336
11,3,8,3,nef,1,Node_1_1017_763_1825,763,536.260,-16.653,1055.937
11,3,8,3,nef,1,Node_1_1063_1418_3650,1418,1355.200,517.056,2238.499
11,3,8,3,nef,1,Node_1_1112_13_3650,13,87.910,-44.989,350.795
11,3,8,3,nef,1,Node_1_1118_1241_3650,1241,2673.301,1808.024,3644.483
11,3,8,3,nef,1,Node_1_1228_357_3650,357,344.904,-44.944,757.808
11,3,8,3,nef,1,Node_1_1280_722_3650,722,1043.615,360.790,1823.611
11,3,9,3,nef,1,Node_1_52_1818_1825,1818,1568.423,1170.143,1824.986
11,3,9,3,nef,1,Node_1_129_1541_1825,1541,1477.452,1104.642,1824.970
11,3,9,3,nef,1,Node_1_162_901_1825,901,887.249,269.439,1544.363
11,3,9,3,nef,1,Node_1_182_2999_3650,2999,3071.474,2338.926,3649.639
11,3,9,3,nef,1,Node_1_200_3630_3650,3630,3324.643,2788.826,3649.991
11,3,9,3,nef,1,Node_1_204_1570_1825,1570,1082.333,490.772,1770.600
11,3,9,3,nef,1,Node_1_290_3565_3650,3565,3302.987,2822.573,3649.916
11,3,9,3,nef,1,Node_1_355_3369_3650,3369,3390.194,3012.974,3649.959
11,3,9,3,nef,1,Node_1_509_1468_1825,1468,1653.497,1366.589,1824.987
11,3,9,3,nef,1,Node_1_526_750_1825,750,224.705,-44.863,677.733
11,3,9,3,nef,1,Node_1_552_1609_3650,1609,2067.878,1501.546,2588.359
11,3,9,3,nef,1,Node_1_611_3263_3650,3263,3180.943,2825.246,3625.110
11,3,9,3,nef,1,Node_1_685_1068_1825,1068,881.571,214.711,1633.345
11,3,9,3,nef,1,Node_1_699_453_1825,453,1102.486,527.047,1794.663
11,3,9,3,nef,1,Node_1_720_2482_3650,2482,2969.769,2267.288,3648.720
11,3,9,3,nef,1,Node_1_721_3247_3650,3247,3225.336,2615.377,3649.968
11,3,9,3,nef,1,Node_1_724_2086_3650,2086,2595.645,1721.778,3442.315
11,3,9,3,nef,1,Node_1_762_805_3650,805,511.797,17.258,1077.172
11,3,9,3,nef,1,Node_1_775_1064_3650,1064,1561.324,979.262,2137.424
11,3,9,3,nef,1,Node_1_798_778_3650,778,823.725,214.259,1476.443
11,3,9,3,nef,1,Node_1_826_76_3650,76,610.259,73.001,1156.994
11,3,9,3,nef,1,Node_1_878_1254_3650,1254,1682.230,813.161,2675.725
11,3,9,3,nef,1,Node_1_922_1637_1825,1637,1623.855,1288.184,1824.974
11,3,9,3,nef,1,Node_1_947_60_3650,60,194.516,-44.998,613.291
11,3,9,3,nef,1,Node_1_1017_763_1825,763,882.402,283.502,1577.522
11,3,9,3,nef,1,Node_1_1063_1418_3650,1418,2163.381,1403.983,3077.623
11,3,9,3,nef,1,Node_1_1112_13_3650,13,113.263,-44.971,403.310
11,3,9,3,nef,1,Node_1_1118_1241_3650,1241,2196.414,1159.195,3332.073
11,3,9,3,nef,1,Node_1_1228_357_3650,357,864.293,274.749,1562.936
11,3,9,3,nef,1,Node_1_1280_722_3650,722,1090.918,364.259,1921.491
11,3,10,3,nef,1,Node_1_52_1818_1825,1818,1203.227,617.525,1824.983
11,3,10,3,nef,1,Node_1_129_1541_1825,1541,1328.756,868.468,1824.876
11,3,10,3,nef,1,Node_1_162_901_1825,901,840.246,183.167,1563.772
11,3,10,3,nef,1,Node_1_182_2999_3650,2999,3091.960,2360.946,3649.856
11,3,10,3,nef,1,Node_1_200_3630_3650,3630,3403.485,2973.415,3649.988
11,3,10,3,nef,1,Node_1_204_1570_1825,1570,1577.260,1191.596,1824.997
11,3,10,3,nef,1,Node_1_290_3565_3650,3565,3274.438,2736.930,3649.823
11,3,10,3,nef,1,Node_1_355_3369_3650,3369,3239.129,2818.696,3649.651
11,3,10,3,nef,1,Node_1_509_1468_1825,1468,1529.745,1128.830,1824.994
11,3,10,3,nef,1,Node_1_526_750_1825,750,1164.056,596.764,1824.734
11,3,10,3,nef,1,Node_1_552_1609_3650,1609,1712.574,1097.924,2312.110
11,3,10,3,nef,1,Node_1_611_3263_3650,3263,3038.571,2644.068,3594.473
11,3,10,3,nef,1,Node_1_685_1068_1825,1068,1076.806,483.570,1761.194
11,3,10,3,nef,1,Node_1_699_453_1825,453,339.864,-43.845,787.495
11,3,10,3,nef,1,Node_1_720_2482_3650,2482,2760.562,2022.637,3530.550
11,3,10,3,nef,1,Node_1_721_3247_3650,3247,3343.384,2833.427,3649.962
11,3,10,3,nef,1,Node_1_724_2086_3650,2086,2308.658,1503.167,3241.944
11,3,10,3,nef,1,Node_1_762_805_3650,805,1662.773,755.517,2627.844
11,3,10,3,nef,1,Node_1_775_1064_3650,1064,1350.942,711.987,2026.976
11,3,10,3,nef,1,Node_1_798_778_3650,778,612.136,10.500,1302.258
11,3,10,3,nef,1,Node_1_826_76_3650,76,104.483,-44.999,405.763
11,3,10,3,nef,1,Node_1_878_1254_3650,1254,1226.888,473.054,2048.131
11,3,10,3,nef,1,Node_1_922_1637_1825,1637,1492.395,1032.469,1824.988
11,3,10,3,nef,1,Node_1_947_60_3650,60,113.860,-44.948,421.937
11,3,10,3,nef,1,Node_1_1017_763_1825,763,1039.167,434.014,1715.907
11,3,10,3,nef,1,Node_1_1063_1418_3650,1418,1661.485,890.245,2488.751
11,3,10,3,nef,1,Node_1_1112_13_3650,13,104.714,-44.993,407.121
11,3,10,3,nef,1,Node_1_1118_1241_3650,1241,2621.192,1764.838,3634.573
11,3,10,3,nef,1,Node_1_1228_357_3650,357,502.253,-20.302,1033.008
11,3,10,3,nef,1,Node_1_1280_722_3650,722,1620.164,781.918,2522.075
11,3,11,3,nef,1,Node_1_52_1818_1825,1818,1149.529,566.850,1818.869
11,3,11,3,nef,1,Node_1_129_1541_1825,1541,1460.049,1008.435,1824.980
11,3,11,3,nef,1,Node_1_162_901_1825,901,1113.888,550.641,1756.398
11,3,11,3,nef,1,Node_1_182_2999_3650,2999,2844.267,2045.220,3649.999
11,3,11,3,nef,1,Node_1_200_3630_3650,3630,3473.415,3153.112,3649.974
11,3,11,3,nef,1,Node_1_204_1570_1825,1570,1407.399,897.235,1824.929
11,3,11,3,nef,1,Node_1_290_3565_3650,3565,3229.242,2633.273,3649.995
11,3,11,3,nef,1,Node_1_355_3369_3650,3369,3316.770,2866.937,3649.995
11,3,11,3,nef,1,Node_1_509_1468_1825,1468,1132.138,558.367,1792.957
11,3,11,3,nef,1,Node_1_526_750_1825,750,760.444,114.259,1483.271
11,3,11,3,nef,1,Node_1_552_1609_3650,1609,1639.940,1053.170,2317.123
11,3,11,3,nef,1,Node_1_611_3263_3650,3263,3035.373,2528.724,3649.971
11,3,11,3,nef,1,Node_1_685_1068_1825,1068,1097.189,523.285,1776.347
11,3,11,3,nef,1,Node_1_699_453_1825,453,451.291,-44.985,1081.684
11,3,11,3,nef,1,Node_1_720_2482_3650,2482,2749.977,1987.633,3526.151
11,3,11,3,nef,1,Node_1_721_3247_3650,3247,3173.067,2538.385,3649.929
11,3,11,3,nef,1,Node_1_724_2086_3650,2086,1886.830,1236.826,2631.068
11,3,11,3,nef,1,Node_1_762_805_3650,805,931.404,338.116,1593.088
11,3,11,3,nef,1,Node_1_775_1064_3650,1064,1134.021,622.975,1695.609
11,3,11,3,nef,1,Node_1_798_778_3650,778,945.957,267.006,1701.962
11,3,11,3,nef,1,Node_1_826_76_3650,76,108.315,-44.997,391.023
11,3,11,3,nef,1,Node_1_878_1254_3650,1254,839.267,179.640,1607.413
11,3,11,3,nef,1,Node_1_922_1637_1825,1637,1496.673,1039.043,1824.981
11,3,11,3,nef,1,Node_1_947_60_3650,60,215.352,-44.905,581.231
11,3,11,3,nef,1,Node_1_1017_763_1825,763,231.981,-44.982,634.493
11,3,11,3,nef,1,Node_1_1063_1418_3650,1418,933.392,268.661,1650.321
11,3,11,3,nef,1,Node_1_1112_13_3650,13,98.107,-44.988,380.197
11,3,11,3,nef,1,Node_1_1118_1241_3650,1241,1286.736,509.877,2203.481
11,3,11,3,nef,1,Node_1_1228_357_3650,357,198.271,-44.967,626.946
11,3,11,3,nef,1,Node_1_1280_722_3650,722,1029.421,256.027,1884.228
11,3,12,3,nef,1,Node_1_52_1818_1825,1818,1607.273,1260.633,1824.980
11,3,12,3,nef,1,Node_1_129_1541_1825,1541,1538.750,1119.709,1824.904
11,3,12,3,nef,1,Node_1_162_901_1825,901,1406.753,873.695,1824.979
11,3,12,3,nef,1,Node_1_182_2999_3650,2999,3097.245,2369.551,3649.930
11,3,12,3,nef,1,Node_1_200_3630_3650,3630,2743.524,1833.991,3649.967
11,3,12,3,nef,1,Node_1_204_1570_1825,1570,1295.397,724.437,1824.997
11,3,12,3,nef,1,Node_1_290_3565_3650,3565,3370.980,2923.631,3649.964
11,3,12,3,nef,1,Node_1_355_3369_3650,3369,3380.493,2953.848,3649.818
11,3,12,3,nef,1,Node_1_509_1468_1825,1468,912.902,301.813,1577.519
11,3,12,3,nef,1,Node_1_526_750_1825,750,1072.636,444.155,1818.290
11,3,12,3,nef,1,Node_1_552_1609_3650,1609,2597.285,1837.342,3413.631
11,3,12,3,nef,1,Node_1_611_3263_3650,3263,3232.707,2739.221,3649.768
11,3,12,3,nef,1,Node_1_685_1068_1825,1068,985.923,341.322,1717.148
11,3,12,3,nef,1,Node_1_699_453_1825,453,433.298,-44.613,1040.293
11,3,12,3,nef,1,Node_1_720_2482_3650,2482,2146.401,1164.860,3142.267
11,3,12,3,nef,1,Node_1_721_3247_3650,3247,3201.000,2512.469,3649.852
11,3,12,3,nef,1,Node_1_724_2086_3650,2086,1287.419,522.538,2129.177
11,3,12,3,nef,1,Node_1_762_805_3650,805,337.178,-44.816,844.870
11,3,12,3,nef,1,Node_1_775_1064_3650,1064,1213.735,639.617,1804.118
11,3,12,3,nef,1,Node_1_798_778_3650,778,409.288,-44.813,928.512
11,3,12,3,nef,1,Node_1_826_76_3650,76,179.227,-44.978,533.137
11,3,12,3,nef,1,Node_1_878_1254_3650,1254,964.668,230.118,1827.279
11,3,12,3,nef,1,Node_1_922_1637_1825,1637,1536.294,1111.105,1824.919
11,3,12,3,nef,1,Node_1_947_60_3650,60,281.019,-44.997,748.942
11,3,12,3,nef,1,Node_1_1017_763_1825,763,1125.890,563.274,1798.105
11,3,12,3,nef,1,Node_1_1063_1418_3650,1418,1750.977,864.898,2784.635
11,3,12,3,nef,1,Node_1_1112_13_3650,13,127.714,-44.963,473.435
11,3,12,3,nef,1,Node_1_1118_1241_3650,1241,1883.640,948.737,3004.160
11,3,12,3,nef,1,Node_1_1228_357_3650,357,1342.798,520.685,2203.012
11,3,12,3,nef,1,Node_1_1280_722_3650,722,1297.908,460.687,2253.815
11,3,13,3,nef,1,Node_1_52_1818_1825,1818,1465.105,982.936,1824.961
11,3,13,3,nef,1,Node_1_129_1541_1825,1541,1312.766,866.992,1824.454
11,3,13,3,nef,1,Node_1_162_901_1825,901,1308.905,759.770,1824.965
11,3,13,3,nef,1,Node_1_182_2999_3650,2999,2617.572,1775.526,3637.736
11,3,13,3,nef,1,Node_1_200_3630_3650,3630,3059.918,2293.933,3649.751
11,3,13,3,nef,1,Node_1_204_1570_1825,1570,1398.063,869.068,1824.972
11,3,13,3,nef,1,Node_1_290_3565_3650,3565,3454.939,3109.515,3649.995
11,3,13,3,nef,1,Node_1_355_3369_3650,3369,3419.319,3070.356,3649.995
11,3,13,3,nef,1,Node_1_509_1468_1825,1468,1511.431,1087.331,1824.977
11,3,13,3,nef,1,Node_1_526_750_1825,750,578.736,-14.111,1218.123
11,3,13,3,nef,1,Node_1_552_1609_3650,1609,1647.845,1135.685,2152.979
11,3,13,3,nef,1,Node_1_611_3263_3650,3263,3360.010,2971.598,3649.929
11,3,13,3,nef,1,Node_1_685_1068_1825,1068,996.741,397.676,1649.827
11,3,13,3,nef,1,Node_1_699_453_1825,453,608.902,32.724,1244.249
11,3,13,3,nef,1,Node_1_720_2482_3650,2482,2230.603,1339.864,3112.605
11,3,13,3,nef,1,Node_1_721_3247_3650,3247,2973.211,2178.040,3648.416
11,3,13,3,nef,1,Node_1_724_2086_3650,2086,2214.324,1300.154,3182.791
11,3,13,3,nef,1,Node_1_762_805_3650,805,1172.426,448.108,1969.352
11,3,13,3,nef,1,Node_1_775_1064_3650,1064,1706.846,1212.496,2220.498
11,3,13,3,nef,1,Node_1_798_778_3650,778,204.879,-44.958,638.401
11,3,13,3,nef,1,Node_1_826_76_3650,76,108.500,-44.970,390.017
11,3,13,3,nef,1,Node_1_878_1254_3650,1254,1656.425,790.926,2690.481
11,3,13,3,nef,1,Node_1_922_1637_1825,1637,1530.844,1096.814,1824.998
11,3,13,3,nef,1,Node_1_947_60_3650,60,225.547,-44.912,623.891
11,3,13,3,nef,1,Node_1_1017_763_1825,763,1405.804,900.594,1824.984
11,3,13,3,nef,1,Node_1_1063_1418_3650,1418,788.606,197.926,1379.696
11,3,13,3,nef,1,Node_1_1112_13_3650,13,92.437,-44.960,374.818
11,3,13,3,nef,1,Node_1_1118_1241_3650,1241,1175.173,343.810,2067.524
11,3,13,3,nef,1,Node_1_1228_357_3650,357,898.060,149.731,1702.890
11,3,13,3,nef,1,Node_1_1280_722_3650,722,942.446,285.016,1707.453
11,3,14,3,nef,1,Node_1_52_1818_1825,1818,1390.195,871.977,1824.994
11,3,14,3,nef,1,Node_1_129_1541_1825,1541,1347.943,917.006,1824.733
11,3,14,3,nef,1,Node_1_162_901_1825,901,1078.941,516.035,1745.575
11,3,14,3,nef,1,Node_1_182_2999_3650,2999,2892.341,2153.802,3649.893
11,3,14,3,nef,1,Node_1_200_3630_3650,3630,3343.218,2848.631,3649.930
11,3,14,3,nef,1,Node_1_204_1570_1825,1570,1675.115,1410.511,1824.991
11,3,14,3,nef,1,Node_1_290_3565_3650,3565,3210.895,2606.852,3649.845
11,3,14,3,nef,1,Node_1_355_3369_3650,3369,3185.105,2683.769,3649.979
11,3,14,3,nef,1,Node_1_509_1468_1825,1468,1599.703,1284.451,1824.997
11,3,14,3,nef,1,Node_1_526_750_1825,750,1237.259,701.240,1824.800
11,3,14,3,nef,1,Node_1_552_1609_3650,1609,2468.783,1828.430,3144.379
11,3,14,3,nef,1,Node_1_611_3263_3650,3263,3215.536,2710.951,3649.914
11,3,14,3,nef,1,Node_1_685_1068_1825,1068,995.245,377.257,1668.182
11,3,14,3,nef,1,Node_1_699_453_1825,453,438.954,-44.897,1050.310
11,3,14,3,nef,1,Node_1_720_2482_3650,2482,2347.609,1624.504,3076.831
11,3,14,3,nef,1,Node_1_721_3247_3650,3247,3207.771,2548.716,3649.722
11,3,14,3,nef,1,Node_1_724_2086_3650,2086,2588.447,1755.810,3521.539
11,3,14,3,nef,1,Node_1_762_805_3650,805,1375.990,605.460,2240.184
11,3,14,3,nef,1,Node_1_775_1064_3650,1064,1001.175,445.970,1537.049
11,3,14,3,nef,1,Node_1_798_778_3650,778,1620.769,750.549,2593.599
11,3,14,3,nef,1,Node_1_826_76_3650,76,278.299,-43.977,712.572
11,3,14,3,nef,1,Node_1_878_1254_3650,1254,2422.829,1459.793,3501.122
11,3,14,3,nef,1,Node_1_922_1637_1825,1637,1541.940,1133.075,1824.911
11,3,14,3,nef,1,Node_1_947_60_3650,60,159.402,-44.813,502.923
11,3,14,3,nef,1,Node_1_1017_763_1825,763,966.450,373.459,1654.935
11,3,14,3,nef,1,Node_1_1063_1418_3650,1418,1643.878,849.896,2388.438
11,3,14,3,nef,1,Node_1_1112_13_3650,13,277.100,-44.879,707.174
11,3,14,3,nef,1,Node_1_1118_1241_3650,1241,2004.177,1043.103,3079.905
11,3,14,3,nef,1,Node_1_1228_357_3650,357,477.017,-21.227,1003.345
11,3,14,3,nef,1,Node_1_1280_722_3650,722,428.460,-35.697,956.344
11,3,15,3,nef,1,Node_1_52_1818_1825,1818,1627.351,1296.941,1824.993
11,3,15,3,nef,1,Node_1_129_1541_1825,1541,1378.090,1015.501,1819.881
11,3,15,3,nef,1,Node_1_162_901_1825,901,1249.791,652.053,1824.594
11,3,15,3,nef,1,Node_1_182_2999_3650,2999,2925.245,2111.973,3649.471
11,3,15,3,nef,1,Node_1_200_3630_3650,3630,2935.995,2130.042,3649.612
11,3,15,3,nef,1,Node_1_204_1570_1825,1570,1323.202,782.270,1824.986
11,3,15,3,nef,1,Node_1_290_3565_3650,3565,2972.019,2347.702,3648.367
11,3,15,3,nef,1,Node_1_355_3369_3650,3369,3262.523,2756.088,3649.957
11,3,15,3,nef,1,Node_1_509_1468_1825,1468,1521.693,1128.298,1824.999
11,3,15,3,nef,1,Node_1_526_750_1825,750,1363.293,848.704,1824.946
11,3,15,3,nef,1,Node_1_552_1609_3650,1609,1598.932,1124.357,2111.499
11,3,15,3,nef,1,Node_1_611_3263_3650,3263,3168.534,2698.017,3648.144
11,3,15,3,nef,1,Node_1_685_1068_1825,1068,1370.025,887.336,1824.971
11,3,15,3,nef,1,Node_1_699_453_1825,453,948.718,333.155,1672.707
11,3,15,3,nef,1,Node_1_720_2482_3650,2482,2414.894,1714.277,3164.502
11,3,15,3,nef,1,Node_1_721_3247_3650,3247,3297.320,2768.708,3649.952
11,3,15,3,nef,1,Node_1_724_2086_3650,2086,1588.899,941.729,2268.446
11,3,15,3,nef,1,Node_1_762_805_3650,805,529.075,38.946,1100.954
11,3,15,3,nef,1,Node_1_775_1064_3650,1064,1430.158,924.936,1965.994
11,3,15,3,nef,1,Node_1_798_778_3650,778,625.876,107.550,1240.599
11,3,15,3,nef,1,Node_1_826_76_3650,76,208.345,-44.953,582.994
11,3,15,3,nef,1,Node_1_878_1254_3650,1254,963.998,317.672,1705.632
11,3,15,3,nef,1,Node_1_922_1637_1825,1637,1346.574,772.892,1824.203
11,3,15,3,nef,1,Node_1_947_60_3650,60,92.148,-44.972,366.861
11,3,15,3,nef,1,Node_1_1017_763_1825,763,974.375,372.564,1671.549
11,3,15,3,nef,1,Node_1_1063_1418_3650,1418,1480.636,780.245,2258.955
11,3,15,3,nef,1,Node_1_1112_13_3650,13,95.228,-44.968,378.536
11,3,15,3,nef,1,Node_1_1118_1241_3650,1241,1296.567,545.970,2111.033
11,3,15,3,nef,1,Node_1_1228_357_3650,357,452.368,-33.697,978.673
11,3,15,3,nef,1,Node_1_1280_722_3650,722,545.183,49.285,1151.034
11,3,16,3,nef,1,Node_1_52_1818_1825,1818,1453.200,971.342,1824.933
11,3,16,3,nef,1,Node_1_129_1541_1825,1541,1544.697,1184.137,1824.993
11,3,16,3,nef,1,Node_1_162_901_1825,901,761.458,178.763,1475.188
11,3,16,3,nef,1,Node_1_182_2999_3650,2999,2979.915,2229.235,3649.495
11,3,16,3,nef,1,Node_1_200_3630_3650,3630,3126.002,2398.008,3649.985
11,3,16,3,nef,1,Node_1_204_1570_1825,1570,1426.975,911.431,1824.999
11,3,16,3,nef,1,Node_1_290_3565_3650,3565,3294.513,2771.392,3649.945
11,3,16,3,nef,1,Node_1_355_3369_3650,3369,3123.130,2652.722,3649.548
11,3,16,3,nef,1,Node_1_509_1468_1825,1468,1557.391,1156.959,1824.879
11,3,16,3,nef,1,Node_1_526_750_1825,750,1345.772,820.123,1824.956
11,3,16,3,nef,1,Node_1_552_1609_3650,1609,1921.561,1264.621,2631.861
11,3,16,3,nef,1,Node_1_611_3263_3650,3263,3224.223,2756.636,3649.902
11,3,16,3,nef,1,Node_1_685_1068_1825,1068,1023.113,403.070,1742.223
11,3,16,3,nef,1,Node_1_699_453_1825,453,911.039,315.129,1629.559
11,3,16,3,nef,1,Node_1_720_2482_3650,2482,2250.563,1441.414,3123.494
11,3,16,3,nef,1,Node_1_721_3247_3650,3247,2906.504,2162.195,3649.793
11,3,16,3,nef,1,Node_1_724_2086_3650,2086,2309.376,1518.327,3179.593
11,3,16,3,nef,1,Node_1_762_805_3650,805,1539.564,701.098,2497.887
11,3,16,3,nef,1,Node_1_775_1064_3650,1064,1134.314,507.562,1768.716
11,3,16,3,nef,1,Node_1_798_778_3650,778,758.390,7.384,1611.106
11,3,16,3,nef,1,Node_1_826_76_3650,76,104.298,-44.982,397.775
11,3,16,3,nef,1,Node_1_878_1254_3650,1254,2139.677,1185.972,3254.334
11,3,16,3,nef,1,Node_1_922_1637_1825,1637,1208.564,658.045,1824.850
11,3,16,3,nef,1,Node_1_947_60_3650,60,288.846,-44.695,731.390
11,3,16,3,nef,1,Node_1_1017_763_1825,763,777.497,177.825,1451.756
11,3,16,3,nef,1,Node_1_1063_1418_3650,1418,1901.580,1083.712,2764.508
11,3,16,3,nef,1,Node_1_1112_13_3650,13,138.460,-44.970,460.633
11,3,16,3,nef,1,Node_1_1118_1241_3650,1241,1706.616,730.082,2755.260
11,3,16,3,nef,1,Node_1_1228_357_3650,357,176.751,-45.000,571.047
11,3,16,3,nef,1,Node_1_1280_722_3650,722,1040.983,297.169,1844.044
11,3,17,3,nef,1,Node_1_52_1818_1825,1818,1497.614,1045.751,1824.992
11,3,17,3,nef,1,Node_1_129_1541_1825,1541,1409.659,979.164,1824.815
11,3,17,3,nef,1,Node_1_162_901_1825,901,1142.986,588.969,1810.450
11,3,17,3,nef,1,Node_1_182_2999_3650,2999,3116.956,2423.011,3649.975
11,3,17,3,nef,1,Node_1_200_3630_3650,3630,3073.747,2345.582,3649.954
11,3,17,3,nef,1,Node_1_204_1570_1825,1570,1615.030,1270.962,1824.986
11,3,17,3,nef,1,Node_1_290_3565_3650,3565,3300.021,2803.018,3649.901
11,3,17,3,nef,1,Node_1_355_3369_3650,3369,2821.535,2158.203,3625.362
11,3,17,3,nef,1,Node_1_509_1468_1825,1468,1694.533,1458.972,1824.925
11,3,17,3,nef,1,Node_1_526_750_1825,750,767.022,200.347,1404.084
11,3,17,3,nef,1,Node_1_552_1609_3650,1609,1645.900,1137.587,2153.286
11,3,17,3,nef,1,Node_1_611_3263_3650,3263,3306.451,2866.918,3649.952
11,3,17,3,nef,1,Node_1_685_1068_1825,1068,1337.930,860.609,1824.976
11,3,17,3,nef,1,Node_1_699_453_1825,453,166.639,-44.983,469.413
11,3,17,3,nef,1,Node_1_720_2482_3650,2482,2608.960,1861.700,3374.816
11,3,17,3,nef,1,Node_1_721_3247_3650,3247,3382.090,2932.380,3649.956
11,3,17,3,nef,1,Node_1_724_2086_3650,2086,2510.599,1722.057,3388.141
11,3,17,3,nef,1,Node_1_762_805_3650,805,1558.514,759.141,2435.341
11,3,17,3,nef,1,Node_1_775_1064_3650,1064,1099.024,638.616,1597.725
11,3,17,3,nef,1,Node_1_798_778_3650,778,733.287,135.510,1430.817
11,3,17,3,nef,1,Node_1_826_76_3650,76,199.220,-44.651,542.479
11,3,17,3,nef,1,Node_1_878_1254_3650,1254,1620.551,745.990,2573.424
11,3,17,3,nef,1,Node_1_922_1637_1825,1637,1388.208,877.840,1824.948
11,3,17,3,nef,1,Node_1_947_60_3650,60,125.405,-44.965,424.180
11,3,17,3,nef,1,Node_1_1017_763_1825,763,399.006,1.037,803.110
11,3,17,3,nef,1,Node_1_1063_1418_3650,1418,1718.327,952.938,2527.776
11,3,17,3,nef,1,Node_1_1112_13_3650,13,92.198,-44.995,357.868
11,3,17,3,nef,1,Node_1_1118_1241_3650,1241,1810.598,873.865,2807.014
11,3,17,3,nef,1,Node_1_1228_357_3650,357,133.176,-44.986,461.585
11,3,17,3,nef,1,Node_1_1280_722_3650,722,283.788,-44.436,721.877
11,3,18,3,nef,1,Node_1_52_1818_1825,1818,1342.515,809.719,1824.950
11,3,18,3,nef,1,Node_1_129_1541_1825,1541,1636.523,1342.751,1824.958
11,3,18,3,nef,1,Node_1_162_901_1825,901,1354.221,794.227,1824.838
11,3,18,3,nef,1,Node_1_182_2999_3650,2999,3092.774,2367.137,3649.987
11,3,18,3,nef,1,Node_1_200_3630_3650,3630,3327.147,2785.454,3649.901
11,3,18,3,nef,1,Node_1_204_1570_1825,1570,1340.479,813.131,1824.888
11,3,18,3,nef,1,Node_1_290_3565_3650,3565,3075.333,2444.490,3649.974
11,3,18,3,nef,1,Node_1_355_3369_3650,3369,3058.515,2455.285,3649.869
11,3,18,3,nef,1,Node_1_509_1468_1825,1468,1262.094,785.480,1798.044
11,3,18,3,nef,1,Node_1_526_750_1825,750,1123.597,522.049,1824.694
11,3,18,3,nef,1,Node_1_552_1609_3650,1609,1776.178,1084.750,2469.776
11,3,18,3,nef,1,Node_1_611_3263_3650,3263,2914.557,2387.172,3548.539
11,3,18,3,nef,1,Node_1_685_1068_1825,1068,1461.727,986.368,1824.904
11,3,18,3,nef,1,Node_1_699_453_1825,453,710.705,71.103,1406.126
11,3,18,3,nef,1,Node_1_720_2482_3650,2482,2690.288,1860.506,3584.111
11,3,18,3,nef,1,Node_1_721_3247_3650,3247,2925.813,2176.534,3648.080
11,3,18,3,nef,1,Node_1_724_2086_3650,2086,2654.482,1862.340,3555.263
11,3,18,3,nef,1,Node_1_762_805_3650,805,1471.861,643.572,2473.239
11,3,18,3,nef,1,Node_1_775_1064_3650,1064,1458.694,864.095,2123.294
11,3,18,3,nef,1,Node_1_798_778_3650,778,943.092,233.798,1781.519
11,3,18,3,nef,1,Node_1_826_76_3650,76,187.600,-44.813,599.797
11,3,18,3,nef,1,Node_1_878_1254_3650,1254,1761.952,773.206,2879.934
11,3,18,3,nef,1,Node_1_922_1637_1825,1637,1249.735,678.561,1824.247
11,3,18,3,nef,1,Node_1_947_60_3650,60,184.913,-44.943,508.762
11,3,18,3,nef,1,Node_1_1017_763_1825,763,668.498,-20.873,1358.930
11,3,18,3,nef,1,Node_1_1063_1418_3650,1418,1718.677,887.189,2643.923
11,3,18,3,nef,1,Node_1_1112_13_3650,13,184.259,-44.970,593.989
11,3,18,3,nef,1,Node_1_1118_1241_3650,1241,784.504,56.518,1594.642
11,3,18,3,nef,1,Node_1_1228_357_3650,357,299.015,-44.989,826.995
11,3,18,3,nef,1,Node_1_1280_722_3650,722,542.424,-43.287,1130.884
11,3,19,3,nef,1,Node_1_52_1818_1825,1818,1567.755,1167.827,1824.962
11,3,19,3,nef,1,Node_1_129_1541_1825,1541,1578.599,1226.172,1824.977
11,3,19,3,nef,1,Node_1_162_901_1825,901,1170.447,583.084,1824.901
11,3,19,3,nef,1,Node_1_182_2999_3650,2999,3354.059,2848.308,3649.986
11,3,19,3,nef,1,Node_1_200_3630_3650,3630,3412.813,2993.922,3649.981
11,3,19,3,nef,1,Node_1_204_1570_1825,1570,1399.829,882.857,1824.820
11,3,19,3,nef,1,Node_1_290_3565_3650,3565,3312.480,2820.125,3649.971
11,3,19,3,nef,1,Node_1_355_3369_3650,3369,3032.350,2421.982,3649.723
11,3,19,3,nef,1,Node_1_509_1468_1825,1468,1570.499,1163.011,1824.998
11,3,19,3,nef,1,Node_1_526_750_1825,750,260.569,-44.994,715.090
11,3,19,3,nef,1,Node_1_552_1609_3650,1609,1908.845,1363.850,2432.347
11,3,19,3,nef,1,Node_1_611_3263_3650,3263,3400.497,3091.137,3649.856
11,3,19,3,nef,1,Node_1_685_1068_1825,1068,730.045,197.617,1288.517
11,3,19,3,nef,1,Node_1_699_453_1825,453,428.185,-44.474,962.801
11,3,19,3,nef,1,Node_1_720_2482_3650,2482,1850.653,1046.125,2680.872
11,3,19,3,nef,1,Node_1_721_3247_3650,3247,2851.329,2051.365,3648.823
11,3,19,3,nef,1,Node_1_724_2086_3650,2086,2062.928,1282.362,2991.132
11,3,19,3,nef,1,Node_1_762_805_3650,805,1183.020,408.445,2033.536
11,3,19,3,nef,1,Node_1_775_1064_3650,1064,980.396,390.037,1617.537
11,3,19,3,nef,1,Node_1_798_778_3650,778,889.564,268.820,1643.916
11,3,19,3,nef,1,Node_1_826_76_3650,76,288.162,-44.789,718.466
11,3,19,3,nef,1,Node_1_878_1254_3650,1254,2303.218,1281.517,3462.744
11,3,19,3,nef,1,Node_1_922_1637_1825,1637,864.219,262.267,1569.834
11,3,19,3,nef,1,Node_1_947_60_3650,60,100.949,-44.931,382.577
11,3,19,3,nef,1,Node_1_1017_763_1825,763,721.832,199.027,1356.277
11,3,19,3,nef,1,Node_1_1063_1418_3650,1418,2016.349,1191.890,2929.824
11,3,19,3,nef,1,Node_1_1112_13_3650,13,323.840,-44.507,651.517
11,3,19,3,nef,1,Node_1_1118_1241_3650,1241,937.883,195.700,1684.700
11,3,19,3,nef,1,Node_1_1228_357_3650,357,332.931,-44.654,821.012
11,3,19,3,nef,1,Node_1_1280_722_3650,722,987.227,247.849,1806.878
11,3,20,3,nef,1,Node_1_52_1818_1825,1818,1489.789,1035.908,1824.976
11,3,20,3,nef,1,Node_1_129_1541_1825,1541,1084.873,522.759,1690.760
11,3,20,3,nef,1,Node_1_162_901_1825,901,1431.934,931.396,1824.884
11,3,20,3,nef,1,Node_1_182_2999_3650,2999,2853.408,2023.822,3649.529
11,3,20,3,nef,1,Node_1_200_3630_3650,3630,3364.379,2871.661,3649.999
11,3,20,3,nef,1,Node_1_204_1570_1825,1570,1450.626,945.243,1824.835
11,3,20,3,nef,1,Node_1_290_3565_3650,3565,3378.105,2948.003,3649.947
11,3,20,3,nef,1,Node_1_355_3369_3650,3369,2865.663,2321.186,3547.709
11,3,20,3,nef,1,Node_1_509_1468_1825,1468,1388.409,940.619,1824.965
11,3,20,3,nef,1,Node_1_526_750_1825,750,1172.466,587.592,1823.678
11,3,20,3,nef,1,Node_1_552_1609_3650,1609,1689.626,1151.725,2196.926
11,3,20,3,nef,1,Node_1_611_3263_3650,3263,3233.712,2763.469,3649.970
11,3,20,3,nef,1,Node_1_685_1068_1825,1068,1370.191,875.804,1824.907
11,3,20,3,nef,1,Node_1_699_453_1825,453,647.482,58.986,1290.491
11,3,20,3,nef,1,Node_1_720_2482_3650,2482,2853.473,2131.673,3649.936
11,3,20,3,nef,1,Node_1_721_3247_3650,3247,3157.577,2482.552,3649.991
11,3,20,3,nef,1,Node_1_724_2086_3650,2086,1281.702,688.255,1933.432
11,3,20,3,nef,1,Node_1_762_805_3650,805,691.719,224.305,1214.484
11,3,20,3,nef,1,Node_1_775_1064_3650,1064,1501.176,940.099,2034.224
11,3,20,3,nef,1,Node_1_798_778_3650,778,511.569,-43.275,1071.627
11,3,20,3,nef,1,Node_1_826_76_3650,76,450.511,-43.655,977.727
11,3,20,3,nef,1,Node_1_878_1254_3650,1254,1147.724,501.760,1842.281
11,3,20,3,nef,1,Node_1_922_1637_1825,1637,1521.487,1055.973,1824.955
11,3,20,3,nef,1,Node_1_947_60_3650,60,93.825,-44.960,369.495
11,3,20,3,nef,1,Node_1_1017_763_1825,763,770.980,186.814,1461.065
11,3,20,3,nef,1,Node_1_1063_1418_3650,1418,1441.463,828.889,2116.781
11,3,20,3,nef,1,Node_1_1112_13_3650,13,94.954,-44.988,377.415
11,3,20,3,nef,1,Node_1_1118_1241_3650,1241,1388.395,581.343,2297.992
11,3,20,3,nef,1,Node_1_1228_357_3650,357,642.326,112.097,1216.486
11,3,20,3,nef,1,Node_1_1280_722_3650,722,1396.797,516.861,2367.918
11,3,21,3,nef,1,Node_1_52_1818_1825,1818,1321.542,801.890,1824.318
11,3,21,3,nef,1,Node_1_129_1541_1825,1541,1603.177,1285.175,1824.973
11,3,21,3,nef,1,Node_1_162_901_1825,901,767.634,209.279,1434.479
11,3,21,3,nef,1,Node_1_182_2999_3650,2999,3181.369,2538.446,3649.998
11,3,21,3,nef,1,Node_1_200_3630_3650,3630,3110.046,2354.601,3649.986
11,3,21,3,nef,1,Node_1_204_1570_1825,1570,1606.865,1252.499,1824.873
11,3,21,3,nef,1,Node_1_290_3565_3650,3565,3316.566,2865.780,3649.785
11,3,21,3,nef,1,Node_1_355_3369_3650,3369,3216.269,2695.385,3649.935
11,3,21,3,nef,1,Node_1_509_1468_1825,1468,1444.428,1048.411,1824.953
11,3,21,3,nef,1,Node_1_526_750_1825,750,441.112,-41.270,951.429
11,3,21,3,nef,1,Node_1_552_1609_3650,1609,1186.013,661.160,1688.708
11,3,21,3,nef,1,Node_1_611_3263_3650,3263,3324.326,2919.973,3649.921
11,3,21,3,nef,1,Node_1_685_1068_1825,1068,1139.392,567.813,1809.967
11,3,21,3,nef,1,Node_1_699_453_1825,453,1014.529,402.455,1699.923
11,3,21,3,nef,1,Node_1_720_2482_3650,2482,2682.614,1911.535,3433.588
11,3,21,3,nef,1,Node_1_721_3247_3650,3247,3096.314,2440.688,3649.938
11,3,21,3,nef,1,Node_1_724_2086_3650,2086,2120.495,1386.535,2878.902
11,3,21,3,nef,1,Node_1_762_805_3650,805,1428.672,713.944,2234.683
11,3,21,3,nef,1,Node_1_775_1064_3650,1064,1311.241,833.581,1820.548
11,3,21,3,nef,1,Node_1_798_778_3650,778,993.859,308.896,1786.425
11,3,21,3,nef,1,Node_1_826_76_3650,76,83.115,-44.997,343.775
11,3,21,3,nef,1,Node_1_878_1254_3650,1254,901.080,212.964,1662.399
11,3,21,3,nef,1,Node_1_922_1637_1825,1637,1382.218,864.539,1824.909
11,3,21,3,nef,1,Node_1_947_60_3650,60,90.113,-44.879,356.559
11,3,21,3,nef,1,Node_1_1017_763_1825,763,1088.983,564.650,1659.040
11,3,21,3,nef,1,Node_1_1063_1418_3650,1418,1798.370,969.480,2643.624
11,3,21,3,nef,1,Node_1_1112_13_3650,13,83.418,-44.977,338.527
11,3,21,3,nef,1,Node_1_1118_1241_3650,1241,1218.160,425.462,2115.191
11,3,21,3,nef,1,Node_1_1228_357_3650,357,677.719,132.746,1256.406
11,3,21,3,nef,1,Node_1_1280_722_3650,722,637.777,80.765,1260.963
11,3,22,3,nef,1,Node_1_52_1818_1825,1818,1509.637,1069.631,1824.740
11,3,22,3,nef,1,Node_1_129_1541_1825,1541,1517.057,1090.211,1824.935
11,3,22,3,nef,1,Node_1_162_901_1825,901,765.491,174.179,1401.727
11,3,22,3,nef,1,Node_1_182_2999_3650,2999,3291.232,2739.312,3649.931
11,3,22,3,nef,1,Node_1_200_3630_3650,3630,3108.284,2379.859,3649.716
11,3,22,3,nef,1,Node_1_204_1570_1825,1570,1463.441,1000.391,1824.949
11,3,22,3,nef,1,Node_1_290_3565_3650,3565,3205.782,2645.724,3649.863
11,3,22,3,nef,1,Node_1_355_3369_3650,3369,3184.712,2689.040,3649.926
11,3,22,3,nef,1,Node_1_509_1468_1825,1468,1083.059,557.117,1701.106
11,3,22,3,nef,1,Node_1_526_750_1825,750,1065.745,464.471,1758.608
11,3,22,3,nef,1,Node_1_552_1609_3650,1609,2004.156,1385.681,2708.252
11,3,22,3,nef,1,Node_1_611_3263_3650,3263,3411.516,3085.911,3649.997
11,3,22,3,nef,1,Node_1_685_1068_1825,1068,964.308,322.031,1647.729
11,3,22,3,nef,1,Node_1_699_453_1825,453,369.343,-7.449,798.754
11,3,22,3,nef,1,Node_1_720_2482_3650,2482,2840.192,2152.886,3539.712
11,3,22,3,nef,1,Node_1_721_3247_3650,3247,3289.263,2745.662,3649.563
11,3,22,3,nef,1,Node_1_724_2086_3650,2086,2254.903,1586.278,2917.084
11,3,22,3,nef,1,Node_1_762_805_3650,805,992.768,341.651,1732.749
11,3,22,3,nef,1,Node_1_775_1064_3650,1064,1108.583,626.224,1632.540
11,3,22,3,nef,1,Node_1_798_778_3650,778,960.467,332.429,1719.732
11,3,22,3,nef,1,Node_1_826_76_3650,76,92.248,-44.946,351.085
11,3,22,3,nef,1,Node_1_878_1254_3650,1254,1468.201,636.584,2317.632
11,3,22,3,nef,1,Node_1_922_1637_1825,1637,654.428,73.581,1321.876
11,3,22,3,nef,1,Node_1_947_60_3650,60,86.951,-44.983,348.974
11,3,22,3,nef,1,Node_1_1017_763_1825,763,1289.050,813.316,1824.811
11,3,22,3,nef,1,Node_1_1063_1418_3650,1418,873.137,266.948,1507.558
11,3,22,3,nef,1,Node_1_1112_13_3650,13,109.272,-44.952,381.745
11,3,22,3,nef,1,Node_1_1118_1241_3650,1241,1022.682,287.900,1783.425
11,3,22,3,nef,1,Node_1_1228_357_3650,357,671.622,103.741,1264.810
11,3,22,3,nef,1,Node_1_1280_722_3650,722,777.829,235.775,1400.427
11,3,23,3,nef,1,Node_1_52_1818_1825,1818,1611.078,1249.921,1824.984
11,3,23,3,nef,1,Node_1_129_1541_1825,1541,1584.719,1272.870,1824.977
11,3,23,3,nef,1,Node_1_162_901_1825,901,826.224,133.956,1622.176
11,3,23,3,nef,1,Node_1_182_2999_3650,2999,3241.747,2619.245,3649.950
11,3,23,3,nef,1,Node_1_200_3630_3650,3630,3193.383,2516.235,3649.970
11,3,23,3,nef,1,Node_1_204_1570_1825,1570,489.216,-0.664,1057.287
11,3,23,3,nef,1,Node_1_290_3565_3650,3565,3288.690,2812.537,3649.987
11,3,23,3,nef,1,Node_1_355_3369_3650,3369,3258.402,2665.977,3649.677
11,3,23,3,nef,1,Node_1_509_1468_1825,1468,932.825,357.662,1619.225
11,3,23,3,nef,1,Node_1_526_750_1825,750,1108.851,526.730,1824.608
11,3,23,3,nef,1,Node_1_552_1609_3650,1609,1456.240,810.285,2122.436
11,3,23,3,nef,1,Node_1_611_3263_3650,3263,3242.196,2694.566,3649.997
11,3,23,3,nef,1,Node_1_685_1068_1825,1068,926.248,316.248,1619.326
11,3,23,3,nef,1,Node_1_699_453_1825,453,536.103,-33.484,1149.763
11,3,23,3,nef,1,Node_1_720_2482_3650,2482,2342.073,1445.648,3262.958
11,3,23,3,nef,1,Node_1_721_3247_3650,3247,2873.317,2042.704,3649.282
11,3,23,3,nef,1,Node_1_724_2086_3650,2086,2375.965,1464.707,3418.035
11,3,23,3,nef,1,Node_1_762_805_3650,805,690.770,71.973,1349.764
11,3,23,3,nef,1,Node_1_775_1064_3650,1064,834.851,248.221,1443.350
11,3,23,3,nef,1,Node_1_798_778_3650,778,1192.493,353.743,2166.752
11,3,23,3,nef,1,Node_1_826_76_3650,76,188.576,-44.955,598.574
11,3,23,3,nef,1,Node_1_878_1254_3650,1254,803.907,60.821,1656.641
11,3,23,3,nef,1,Node_1_922_1637_1825,1637,1321.978,763.367,1824.897
11,3,23,3,nef,1,Node_1_947_60_3650,60,111.936,-44.998,424.958
11,3,23,3,nef,1,Node_1_1017_763_1825,763,647.223,95.001,1279.151
11,3,23,3,nef,1,Node_1_1063_1418_3650,1418,1616.061,773.471,2545.137
11,3,23,3,nef,1,Node_1_1112_13_3650,13,109.935,-44.996,416.420
11,3,23,3,nef,1,Node_1_1118_1241_3650,1241,679.521,28.711,1394.515
11,3,23,3,nef,1,Node_1_1228_357_3650,357,195.549,-44.844,594.221
11,3,23,3,nef,1,Node_1_1280_722_3650,722,1206.799,321.590,2179.522
11,3,24,3,nef,1,Node_1_52_1818_1825,1818,1446.378,977.868,1824.899
11,3,24,3,nef,1,Node_1_129_1541_1825,1541,1427.698,988.249,1824.946
11,3,24,3,nef,1,Node_1_162_901_1825,901,751.431,177.652,1409.600
11,3,24,3,nef,1,Node_1_182_2999_3650,2999,3014.815,2281.408,3649.010
11,3,24,3,nef,1,Node_1_200_3630_3650,3630,3393.740,2952.366,3649.954
11,3,24,3,nef,1,Node_1_204_1570_1825,1570,1064.393,457.253,1765.161
11,3,24,3,nef,1,Node_1_290_3565_3650,3565,3119.039,2563.214,3647.968
11,3,24,3,nef,1,Node_1_355_3369_3650,3369,2985.384,2389.129,3632.592
11,3,24,3,nef,1,Node_1_509_1468_1825,1468,941.420,380.418,1565.769
11,3,24,3,nef,1,Node_1_526_750_1825,750,888.481,316.710,1581.346
11,3,24,3,nef,1,Node_1_552_1609_3650,1609,1993.360,1544.339,2442.428
11,3,24,3,nef,1,Node_1_611_3263_3650,3263,3311.478,2951.403,3649.956
11,3,24,3,nef,1,Node_1_685_1068_1825,1068,691.206,78.213,1366.841
11,3,24,3,nef,1,Node_1_699_453_1825,453,832.918,196.763,1518.322
11,3,24,3,nef,1,Node_1_720_2482_3650,2482,2968.900,2244.714,3645.725
11,3,24,3,nef,1,Node_1_721_3247_3650,3247,3086.678,2386.021,3649.700
11,3,24,3,nef,1,Node_1_724_2086_3650,2086,2432.887,1544.860,3330.055
11,3,24,3,nef,1,Node_1_762_805_3650,805,1746.730,862.202,2682.952
11,3,24,3,nef,1,Node_1_775_1064_3650,1064,1172.116,536.601,1847.794
11,3,24,3,nef,1,Node_1_798_778_3650,778,641.857,6.366,1359.363
11,3,24,3,nef,1,Node_1_826_76_3650,76,94.669,-44.913,363.863
11,3,24,3,nef,1,Node_1_878_1254_3650,1254,2052.869,1028.828,3120.907
11,3,24,3,nef,1,Node_1_922_1637_1825,1637,1543.676,1141.039,1824.994
11,3,24,3,nef,1,Node_1_947_60_3650,60,86.680,-44.943,350.724
11,3,24,3,nef,1,Node_1_1017_763_1825,763,1325.384,829.141,1824.994
11,3,24,3,nef,1,Node_1_1063_1418_3650,1418,1714.963,1125.490,2370.656
11,3,24,3,nef,1,Node_1_1112_13_3650,13,248.263,-44.975,615.627
11,3,24,3,nef,1,Node_1_1118_1241_3650,1241,1436.007,642.145,2274.646
11,3,24,3,nef,1,Node_1_1228_357_3650,357,471.057,-44.962,1018.492
11,3,24,3,nef,1,Node_1_1280_722_3650,722,1027.514,396.569,1706.954
11,3,25,3,nef,1,Node_1_52_1818_1825,1818,1557.233,1153.390,1824.937
11,3,25,3,nef,1,Node_1_129_1541_1825,1541,1504.560,1163.898,1824.981
11,3,25,3,nef,1,Node_1_162_901_1825,901,1152.265,581.244,1798.291
11,3,25,3,nef,1,Node_1_182_2999_3650,2999,3108.342,2414.908,3649.918
11,3,25,3,nef,1,Node_1_200_3630_3650,3630,3315.321,2769.706,3649.999
11,3,25,3,nef,1,Node_1_204_1570_1825,1570,1522.667,1066.492,1824.816
11,3,25,3,nef,1,Node_1_290_3565_3650,3565,3435.852,3071.770,3649.914
11,3,25,3,nef,1,Node_1_355_3369_3650,3369,3278.863,2957.966,3649.983
11,3,25,3,nef,1,Node_1_509_1468_1825,1468,1347.012,909.613,1815.088
11,3,25,3,nef,1,Node_1_526_750_1825,750,1087.139,527.095,1754.180
11,3,25,3,nef,1,Node_1_552_1609_3650,1609,1950.864,1384.495,2414.711
11,3,25,3,nef,1,Node_1_611_3263_3650,3263,3277.750,2943.098,3649.531
11,3,25,3,nef,1,Node_1_685_1068_1825,1068,806.382,211.745,1465.586
11,3,25,3,nef,1,Node_1_699_453_1825,453,802.430,259.567,1421.156
11,3,25,3,nef,1,Node_1_720_2482_3650,2482,2931.097,2256.115,3626.812
11,3,25,3,nef,1,Node_1_721_3247_3650,3247,3246.274,2678.998,3649.933
11,3,25,3,nef,1,Node_1_724_2086_3650,2086,2520.023,1676.038,3388.449
11,3,25,3,nef,1,Node_1_762_805_3650,805,666.595,91.969,1395.017
11,3,25,3,nef,1,Node_1_775_1064_3650,1064,717.174,260.076,1235.715
11,3,25,3,nef,1,Node_1_798_778_3650,778,479.859,13.039,1019.228
11,3,25,3,nef,1,Node_1_826_76_3650,76,103.337,-44.995,381.374
11,3,25,3,nef,1,Node_1_878_1254_3650,1254,808.431,189.591,1498.864
11,3,25,3,nef,1,Node_1_922_1637_1825,1637,1574.133,1195.748,1824.928
11,3,25,3,nef,1,Node_1_947_60_3650,60,352.459,-15.150,740.068
11,3,25,3,nef,1,Node_1_1017_763_1825,763,1290.614,763.086,1824.800
11,3,25,3,nef,1,Node_1_1063_1418_3650,1418,2177.280,1392.828,3046.246
11,3,25,3,nef,1,Node_1_1112_13_3650,13,94.059,-44.994,365.338
11,3,25,3,nef,1,Node_1_1118_1241_3650,1241,1347.647,547.092,2217.083
11,3,25,3,nef,1,Node_1_1228_357_3650,357,582.787,54.239,1180.803
11,3,25,3,nef,1,Node_1_1280_722_3650,722,1139.245,393.479,1952.751
11,3,26,3,nef,1,Node_1_52_1818_1825,1818,1157.249,552.194,1823.857
11,3,26,3,nef,1,Node_1_129_1541_1825,1541,1119.613,568.401,1749.603
11,3,26,3,nef,1,Node_1_162_901_1825,901,603.279,64.845,1245.643
11,3,26,3,nef,1,Node_1_182_2999_3650,2999,2827.117,2001.681,3648.843
11,3,26,3,nef,1,Node_1_200_3630_3650,3630,3201.588,2560.535,3649.996
11,3,26,3,nef,1,Node_1_204_1570_1825,1570,1658.846,1378.330,1824.980
11,3,26,3,nef,1,Node_1_290_3565_3650,3565,3137.330,2494.952,3649.828
11,3,26,3,nef,1,Node_1_355_3369_3650,3369,3203.305,2727.174,3649.397
11,3,26,3,nef,1,Node_1_509_1468_1825,1468,1316.138,903.068,1803.024
11,3,26,3,nef,1,Node_1_526_750_1825,750,1109.606,538.956,1795.661
11,3,26,3,nef,1,Node_1_552_1609_3650,1609,1694.884,1167.961,2199.335
11,3,26,3,nef,1,Node_1_611_3263_3650,3263,3390.285,3025.080,3649.993
11,3,26,3,nef,1,Node_1_685_1068_1825,1068,701.275,182.583,1314.940
11,3,26,3,nef,1,Node_1_699_453_1825,453,1355.172,841.539,1824.910
11,3,26,3,nef,1,Node_1_720_2482_3650,2482,1731.472,871.248,2539.709
11,3,26,3,nef,1,Node_1_721_3247_3650,3247,2983.435,2200.983,3649.961
11,3,26,3,nef,1,Node_1_724_2086_3650,2086,1782.863,904.443,2675.764
11,3,26,3,nef,1,Node_1_762_805_3650,805,565.464,94.664,1096.682
11,3,26,3,nef,1,Node_1_775_1064_3650,1064,1277.563,702.010,1841.634
11,3,26,3,nef,1,Node_1_798_778_3650,778,1420.558,658.714,2309.689
11,3,26,3,nef,1,Node_1_826_76_3650,76,306.900,-44.861,719.285
11,3,26,3,nef,1,Node_1_878_1254_3650,1254,1851.257,925.740,2841.209
11,3,26,3,nef,1,Node_1_922_1637_1825,1637,1472.376,1013.677,1824.925
11,3,26,3,nef,1,Node_1_947_60_3650,60,89.706,-44.939,356.968
11,3,26,3,nef,1,Node_1_1017_763_1825,763,693.995,165.666,1254.420
11,3,26,3,nef,1,Node_1_1063_1418_3650,1418,2101.594,1355.859,2957.328
11,3,26,3,nef,1,Node_1_1112_13_3650,13,92.337,-44.997,367.091
11,3,26,3,nef,1,Node_1_1118_1241_3650,1241,706.073,-20.211,1462.332
11,3,26,3,nef,1,Node_1_1228_357_3650,357,472.171,45.334,941.061
11,3,26,3,nef,1,Node_1_1280_722_3650,722,370.236,-44.910,923.308
11,3,27,3,nef,1,Node_1_52_1818_1825,1818,1467.938,1001.478,1824.988
11,3,27,3,nef,1,Node_1_129_1541_1825,1541,1573.138,1208.345,1824.982
11,3,27,3,nef,1,Node_1_162_901_1825,901,1327.291,778.216,1824.964
11,3,27,3,nef,1,Node_1_182_2999_3650,2999,2507.606,1665.388,3506.601
11,3,27,3,nef,1,Node_1_200_3630_3650,3630,3181.089,2503.454,3649.911
11,3,27,3,nef,1,Node_1_204_1570_1825,1570,1645.063,1338.130,1824.980
11,3,27,3,nef,1,Node_1_290_3565_3650,3565,3349.081,2898.882,3649.637
11,3,27,3,nef,1,Node_1_355_3369_3650,3369,2736.732,2221.594,3363.902
11,3,27,3,nef,1,Node_1_509_1468_1825,1468,1532.547,1142.320,1824.985
11,3,27,3,nef,1,Node_1_526_750_1825,750,1156.295,594.395,1821.774
11,3,27,3,nef,1,Node_1_552_1609_3650,1609,2208.243,1626.455,2843.441
11,3,27,3,nef,1,Node_1_611_3263_3650,3263,3260.142,2854.253,3649.997
11,3,27,3,nef,1,Node_1_685_1068_1825,1068,1411.094,918.357,1824.976
11,3,27,3,nef,1,Node_1_699_453_1825,453,755.988,145.987,1454.965
11,3,27,3,nef,1,Node_1_720_2482_3650,2482,3244.786,2679.863,3649.809
11,3,27,3,nef,1,Node_1_721_3247_3650,3247,3075.581,2492.642,3649.262
11,3,27,3,nef,1,Node_1_724_2086_3650,2086,2340.758,1504.478,3129.594
11,3,27,3,nef,1,Node_1_762_805_3650,805,1407.652,605.541,2355.352
11,3,27,3,nef,1,Node_1_775_1064_3650,1064,733.395,220.570,1293.380
11,3,27,3,nef,1,Node_1_798_778_3650,778,1378.244,575.929,2319.382
11,3,27,3,nef,1,Node_1_826_76_3650,76,111.314,-44.995,424.858
11,3,27,3,nef,1,Node_1_878_1254_3650,1254,1131.404,436.623,1888.107
11,3,27,3,nef,1,Node_1_922_1637_1825,1637,1408.903,923.167,1824.887
11,3,27,3,nef,1,Node_1_947_60_3650,60,115.411,-44.991,432.690
11,3,27,3,nef,1,Node_1_1017_763_1825,763,181.721,-44.901,511.298
11,3,27,3,nef,1,Node_1_1063_1418_3650,1418,1512.425,796.905,2310.870
11,3,27,3,nef,1,Node_1_1112_13_3650,13,120.063,-44.895,429.896
11,3,27,3,nef,1,Node_1_1118_1241_3650,1241,2101.167,1082.550,3222.147
11,3,27,3,nef,1,Node_1_1228_357_3650,357,1055.494,305.127,1907.577
11,3,27,3,nef,1,Node_1_1280_722_3650,722,1073.234,396.513,1851.514
11,3,28,3,nef,1,Node_1_52_1818_1825,1818,1158.891,618.746,1814.959
11,3,28,3,nef,1,Node_1_129_1541_1825,1541,1454.484,1029.472,1824.889
11,3,28,3,nef,1,Node_1_162_901_1825,901,528.566,20.414,1117.897
11,3,28,3,nef,1,Node_1_182_2999_3650,2999,3316.738,2794.758,3649.985
11,3,28,3,nef,1,Node_1_200_3630_3650,3630,3090.003,2317.361,3649.978
11,3,28,3,nef,1,Node_1_204_1570_1825,1570,811.151,156.764,1530.317
11,3,28,3,nef,1,Node_1_290_3565_3650,3565,3436.367,3067.728,3649.986
11,3,28,3,nef,1,Node_1_355_3369_3650,3369,3299.302,2834.509,3649.991
11,3,28,3,nef,1,Node_1_509_1468_1825,1468,1372.111,895.571,1824.991
11,3,28,3,nef,1,Node_1_526_750_1825,750,790.505,216.352,1424.807
11,3,28,3,nef,1,Node_1_552_1609_3650,1609,1673.182,1094.563,2234.917
11,3,28,3,nef,1,Node_1_611_3263_3650,3263,3395.883,3033.185,3649.949
11,3,28,3,nef,1,Node_1_685_1068_1825,1068,415.226,60.552,786.393
11,3,28,3,nef,1,Node_1_699_453_1825,453,467.081,-43.023,1052.957
11,3,28,3,nef,1,Node_1_720_2482_3650,2482,2293.540,1404.882,3260.938
11,3,28,3,nef,1,Node_1_721_3247_3650,3247,2903.003,2103.630,3648.963
11,3,28,3,nef,1,Node_1_724_2086_3650,2086,1932.035,1013.383,2886.349
11,3,28,3,nef,1,Node_1_762_805_3650,805,1711.797,874.594,2692.975
11,3,28,3,nef,1,Node_1_775_1064_3650,1064,1705.397,1079.634,2386.358
11,3,28,3,nef,1,Node_1_798_778_3650,778,507.756,-37.089,1059.246
11,3,28,3,nef,1,Node_1_826_76_3650,76,352.289,-44.918,782.875
11,3,28,3,nef,1,Node_1_878_1254_3650,1254,1770.852,811.211,2823.529
11,3,28,3,nef,1,Node_1_922_1637_1825,1637,1690.803,1447.963,1824.950
11,3,28,3,nef,1,Node_1_947_60_3650,60,101.605,-44.859,381.919
11,3,28,3,nef,1,Node_1_1017_763_1825,763,779.727,193.748,1416.849
11,3,28,3,nef,1,Node_1_1063_1418_3650,1418,859.611,335.121,1368.490
11,3,28,3,nef,1,Node_1_1112_13_3650,13,96.871,-44.982,378.712
11,3,28,3,nef,1,Node_1_1118_1241_3650,1241,1693.268,695.553,2856.272
11,3,28,3,nef,1,Node_1_1228_357_3650,357,525.134,9.597,1106.488
11,3,28,3,nef,1,Node_1_1280_722_3650,722,1072.295,295.364,1896.087
11,3,29,3,nef,1,Node_1_52_1818_1825,1818,1607.459,1252.084,1824.956
11,3,29,3,nef,1,Node_1_129_1541_1825,1541,1634.150,1354.353,1824.996
11,3,29,3,nef,1,Node_1_162_901_1825,901,427.325,-43.060,958.146
11,3,29,3,nef,1,Node_1_182_2999_3650,2999,3105.770,2390.224,3649.892
11,3,29,3,nef,1,Node_1_200_3630_3650,3630,3263.183,2677.673,3649.934
11,3,29,3,nef,1,Node_1_204_1570_1825,1570,1235.554,678.053,1824.314
11,3,29,3,nef,1,Node_1_290_3565_3650,3565,3400.546,2973.361,3649.990
11,3,29,3,nef,1,Node_1_355_3369_3650,3369,3120.943,2543.700,3649.678
11,3,29,3,nef,1,Node_1_509_1468_1825,1468,1237.465,761.448,1722.265
11,3,29,3,nef,1,Node_1_526_750_1825,750,523.344,-19.987,1118.395
11,3,29,3,nef,1,Node_1_552_1609_3650,1609,1729.333,1154.257,2320.543
11,3,29,3,nef,1,Node_1_611_3263_3650,3263,3346.855,2855.323,3649.729
11,3,29,3,nef,1,Node_1_685_1068_1825,1068,1458.823,992.150,1824.991
11,3,29,3,nef,1,Node_1_699_453_1825,453,252.612,-44.825,681.284
11,3,29,3,nef,1,Node_1_720_2482_3650,2482,2452.184,1550.456,3310.947
11,3,29,3,nef,1,Node_1_721_3247_3650,3247,3069.366,2340.814,3649.441
11,3,29,3,nef,1,Node_1_724_2086_3650,2086,1470.196,764.121,2270.208
11,3,29,3,nef,1,Node_1_762_805_3650,805,690.733,156.561,1277.561
11,3,29,3,nef,1,Node_1_775_1064_3650,1064,1616.656,1014.153,2159.124
11,3,29,3,nef,1,Node_1_798_778_3650,778,341.609,-44.824,741.854
11,3,29,3,nef,1,Node_1_826_76_3650,76,406.438,16.412,843.835
11,3,29,3,nef,1,Node_1_878_1254_3650,1254,2365.430,1446.065,3494.359
11,3,29,3,nef,1,Node_1_922_1637_1825,1637,1563.208,1182.597,1824.933
11,3,29,3,nef,1,Node_1_947_60_3650,60,86.658,-44.982,350.490
11,3,29,3,nef,1,Node_1_1017_763_1825,763,1241.362,746.906,1818.376
11,3,29,3,nef,1,Node_1_1063_1418_3650,1418,1375.371,892.721,1900.759
11,3,29,3,nef,1,Node_1_1112_13_3650,13,87.974,-44.989,355.055
11,3,29,3,nef,1,Node_1_1118_1241_3650,1241,1217.764,452.543,2045.115
11,3,29,3,nef,1,Node_1_1228_357_3650,357,380.785,-36.896,845.220
11,3,29,3,nef,1,Node_1_1280_722_3650,722,463.577,-44.800,1037.766
11,3,30,3,nef,1,Node_1_52_1818_1825,1818,1349.252,859.818,1824.991
11,3,30,3,nef,1,Node_1_129_1541_1825,1541,1052.136,649.332,1571.996
11,3,30,3,nef,1,Node_1_162_901_1825,901,1450.409,957.400,1824.661
11,3,30,3,nef,1,Node_1_182_2999_3650,2999,3181.546,2556.115,3649.908
11,3,30,3,nef,1,Node_1_200_3630_3650,3630,3119.006,2399.610,3649.739
11,3,30,3,nef,1,Node_1_204_1570_1825,1570,1339.081,818.523,1824.964
11,3,30,3,nef,1,Node_1_290_3565_3650,3565,3417.009,3038.688,3649.951
11,3,30,3,nef,1,Node_1_355_3369_3650,3369,3112.352,2551.195,3649.951
11,3,30,3,nef,1,Node_1_509_1468_1825,1468,1359.470,929.270,1824.971
11,3,30,3,nef,1,Node_1_526_750_1825,750,1034.960,422.397,1695.453
11,3,30,3,nef,1,Node_1_552_1609_3650,1609,1822.557,1320.164,2354.030
11,3,30,3,nef,1,Node_1_611_3263_3650,3263,3260.061,2874.376,3649.297
11,3,30,3,nef,1,Node_1_685_1068_1825,1068,639.701,128.499,1256.752
11,3,30,3,nef,1,Node_1_699_453_1825,453,840.540,184.175,1605.674
11,3,30,3,nef,1,Node_1_720_2482_3650,2482,2335.429,1488.774,3193.137
11,3,30,3,nef,1,Node_1_721_3247_3650,3247,2940.255,2153.400,3649.633
11,3,30,3,nef,1,Node_1_724_2086_3650,2086,1918.951,1054.225,2853.196
11,3,30,3,nef,1,Node_1_762_805_3650,805,1159.423,501.453,1870.630
11,3,30,3,nef,1,Node_1_775_1064_3650,1064,749.147,254.909,1249.130
11,3,30,3,nef,1,Node_1_798_778_3650,778,1021.527,340.588,1732.927
11,3,30,3,nef,1,Node_1_826_76_3650,76,150.067,-44.944,491.436
11,3,30,3,nef,1,Node_1_878_1254_3650,1254,988.041,321.997,1740.599
11,3,30,3,nef,1,Node_1_922_1637_1825,1637,1580.131,1207.258,1824.917
11,3,30,3,nef,1,Node_1_947_60_3650,60,157.883,-44.929,451.745
11,3,30,3,nef,1,Node_1_1017_763_1825,763,697.171,178.803,1258.163
11,3,30,3,nef,1,Node_1_1063_1418_3650,1418,988.436,327.502,1686.763
11,3,30,3,nef,1,Node_1_1112_13_3650,13,104.128,-44.983,375.623
11,3,30,3,nef,1,Node_1_1118_1241_3650,1241,1239.016,334.807,2236.870
11,3,30,3,nef,1,Node_1_1228_357_3650,357,212.078,-44.786,597.352
11,3,30,3,nef,1,Node_1_1280_722_3650,722,377.179,-40.513,814.234
