batch,rep,ali,sub,gene,run,nodeName,trueDate,nodeDate,lowCI,highCI
1,3,1,2,p17,1,Node_1_28_3220_3650,3220,3269.859,2642.603,3649.985
1,3,1,2,p17,1,Node_1_33_1036_1825,1036,1124.215,528.645,1819.058
1,3,1,2,p17,1,Node_1_63_2284_3650,2284,2778.870,1731.809,3649.788
1,3,1,2,p17,1,Node_1_86_3212_3650,3212,2835.043,2036.775,3647.968
1,3,1,2,p17,1,Node_1_102_1028_1825,1028,1353.059,738.983,1824.993
1,3,1,2,p17,1,Node_1_106_1285_3650,1285,1605.241,549.610,2790.372
1,3,1,2,p17,1,Node_1_111_745_1825,745,1553.610,1124.197,1824.990
1,3,1,2,p17,1,Node_1_230_112_3650,112,293.460,-44.924,938.718
1,3,1,2,p17,1,Node_1_265_2741_3650,2741,3191.227,2487.949,3649.882
1,3,1,2,p17,1,Node_1_267_1929_3650,1929,2688.324,1685.152,3648.657
1,3,1,2,p17,1,Node_1_290_1028_1825,1028,1065.509,446.736,1822.264
1,3,1,2,p17,1,Node_1_351_828_1825,828,1130.266,511.276,1824.572
1,3,1,2,p17,1,Node_1_360_875_3650,875,2140.646,983.534,3549.804
1,3,1,2,p17,1,Node_1_417_412_3650,412,1033.909,51.102,2188.740
1,3,1,2,p17,1,Node_1_527_3280_3650,3280,2966.900,2224.243,3649.999
1,3,1,2,p17,1,Node_1_598_2314_3650,2314,2139.944,983.501,3473.701
1,3,1,2,p17,1,Node_1_601_1820_1825,1820,1344.068,768.204,1824.993
1,3,1,2,p17,1,Node_1_622_1456_3650,1456,2849.231,1953.643,3649.504
1,3,1,2,p17,1,Node_1_627_1043_1825,1043,1428.231,1019.909,1824.834
1,3,1,2,p17,1,Node_1_722_519_1825,519,336.019,-44.982,994.680
1,3,1,2,p17,1,Node_1_814_3577_3650,3577,3205.678,2495.268,3649.912
1,3,1,2,p17,1,Node_1_820_533_1825,533,543.844,-44.743,1356.631
1,3,1,2,p17,1,Node_1_831_2258_3650,2258,2341.853,1246.782,3574.193
1,3,1,2,p17,1,Node_1_1038_1469_3650,1469,2064.810,972.427,3335.432
1,3,1,2,p17,1,Node_1_1129_1271_3650,1271,539.420,-43.117,1289.446
1,3,1,2,p17,1,Node_1_1158_2262_3650,2262,2600.080,1573.595,3648.310
1,3,1,2,p17,1,Node_1_1185_3183_3650,3183,3319.937,2722.707,3649.979
1,3,1,2,p17,1,Node_1_1211_688_3650,688,910.930,-12.063,2015.444
1,3,1,2,p17,1,Node_1_1212_320_3650,320,1112.217,70.653,2235.964
1,3,1,2,p17,1,Node_1_1265_260_1825,260,730.539,-16.666,1486.609
1,3,2,2,p17,1,Node_1_28_3220_3650,3220,2669.172,1549.901,3649.994
1,3,2,2,p17,1,Node_1_33_1036_1825,1036,991.031,253.772,1821.234
1,3,2,2,p17,1,Node_1_63_2284_3650,2284,3069.566,2198.042,3649.860
1,3,2,2,p17,1,Node_1_86_3212_3650,3212,2645.539,1569.112,3649.120
1,3,2,2,p17,1,Node_1_102_1028_1825,1028,1058.399,312.430,1824.737
1,3,2,2,p17,1,Node_1_106_1285_3650,1285,1123.916,136.916,2377.992
1,3,2,2,p17,1,Node_1_111_745_1825,745,1452.415,894.964,1824.922
1,3,2,2,p17,1,Node_1_230_112_3650,112,470.896,-44.970,1351.521
1,3,2,2,p17,1,Node_1_265_2741_3650,2741,3034.341,2102.975,3649.795
1,3,2,2,p17,1,Node_1_267_1929_3650,1929,2514.003,1420.095,3648.475
1,3,2,2,p17,1,Node_1_290_1028_1825,1028,1023.624,308.355,1824.912
1,3,2,2,p17,1,Node_1_351_828_1825,828,391.451,-44.655,1174.785
1,3,2,2,p17,1,Node_1_360_875_3650,875,1855.355,663.786,3323.147
1,3,2,2,p17,1,Node_1_417_412_3650,412,1235.271,59.023,2668.454
1,3,2,2,p17,1,Node_1_527_3280_3650,3280,3091.922,2287.291,3649.800
1,3,2,2,p17,1,Node_1_598_2314_3650,2314,2361.770,1340.946,3613.326
1,3,2,2,p17,1,Node_1_601_1820_1825,1820,1586.957,1187.064,1824.954
1,3,2,2,p17,1,Node_1_622_1456_3650,1456,1445.885,315.990,2786.382
1,3,2,2,p17,1,Node_1_627_1043_1825,1043,1367.347,778.436,1824.999
1,3,2,2,p17,1,Node_1_722_519_1825,519,1033.728,424.362,1785.582
1,3,2,2,p17,1,Node_1_814_3577_3650,3577,2721.226,1686.861,3649.940
1,3,2,2,p17,1,Node_1_820_533_1825,533,1215.394,516.641,1824.972
1,3,2,2,p17,1,Node_1_831_2258_3650,2258,2323.039,1197.128,3563.900
1,3,2,2,p17,1,Node_1_1038_1469_3650,1469,1935.024,628.285,3458.233
1,3,2,2,p17,1,Node_1_1129_1271_3650,1271,1464.814,368.250,2587.207
1,3,2,2,p17,1,Node_1_1158_2262_3650,2262,1978.345,760.136,3529.156
1,3,2,2,p17,1,Node_1_1185_3183_3650,3183,3002.033,2119.934,3649.833
1,3,2,2,p17,1,Node_1_1211_688_3650,688,1618.378,465.495,3140.126
1,3,2,2,p17,1,Node_1_1212_320_3650,320,496.545,-44.987,1409.566
1,3,2,2,p17,1,Node_1_1265_260_1825,260,373.876,-44.950,1161.429
1,3,3,2,p17,1,Node_1_28_3220_3650,3220,3034.316,2198.575,3649.855
1,3,3,2,p17,1,Node_1_33_1036_1825,1036,1544.547,1104.731,1824.970
1,3,3,2,p17,1,Node_1_63_2284_3650,2284,2930.767,1975.356,3649.853
1,3,3,2,p17,1,Node_1_86_3212_3650,3212,3228.406,2633.950,3649.980
1,3,3,2,p17,1,Node_1_102_1028_1825,1028,1585.703,1168.141,1824.989
1,3,3,2,p17,1,Node_1_106_1285_3650,1285,1338.203,579.693,2236.210
1,3,3,2,p17,1,Node_1_111_745_1825,745,356.653,-44.959,1039.537
1,3,3,2,p17,1,Node_1_230_112_3650,112,498.795,-28.059,1166.678
1,3,3,2,p17,1,Node_1_265_2741_3650,2741,2633.427,1605.050,3647.208
1,3,3,2,p17,1,Node_1_267_1929_3650,1929,2801.923,1787.794,3649.949
1,3,3,2,p17,1,Node_1_290_1028_1825,1028,967.242,292.581,1745.754
1,3,3,2,p17,1,Node_1_351_828_1825,828,1135.108,495.371,1824.973
1,3,3,2,p17,1,Node_1_360_875_3650,875,1440.223,253.512,2818.504
1,3,3,2,p17,1,Node_1_417_412_3650,412,1275.943,106.551,2606.954
1,3,3,2,p17,1,Node_1_527_3280_3650,3280,3325.700,2838.021,3649.867
1,3,3,2,p17,1,Node_1_598_2314_3650,2314,2437.175,1364.783,3649.679
1,3,3,2,p17,1,Node_1_601_1820_1825,1820,1015.646,365.043,1779.082
1,3,3,2,p17,1,Node_1_622_1456_3650,1456,1480.567,322.425,2684.617
1,3,3,2,p17,1,Node_1_627_1043_1825,1043,973.532,251.567,1727.725
1,3,3,2,p17,1,Node_1_722_519_1825,519,1229.515,658.915,1824.771
1,3,3,2,p17,1,Node_1_814_3577_3650,3577,2676.209,1666.971,3649.931
1,3,3,2,p17,1,Node_1_820_533_1825,533,674.763,39.458,1391.828
1,3,3,2,p17,1,Node_1_831_2258_3650,2258,3065.112,2435.079,3643.837
1,3,3,2,p17,1,Node_1_1038_1469_3650,1469,1591.414,575.624,2797.837
1,3,3,2,p17,1,Node_1_1129_1271_3650,1271,1545.939,760.816,2451.713
1,3,3,2,p17,1,Node_1_1158_2262_3650,2262,2591.673,1515.945,3648.333
1,3,3,2,p17,1,Node_1_1185_3183_3650,3183,3226.311,2538.592,3649.991
1,3,3,2,p17,1,Node_1_1211_688_3650,688,720.796,107.662,1511.282
1,3,3,2,p17,1,Node_1_1212_320_3650,320,278.295,-44.988,916.905
1,3,3,2,p17,1,Node_1_1265_260_1825,260,292.154,-44.978,931.264
1,3,4,2,p17,1,Node_1_28_3220_3650,3220,2546.374,1460.184,3649.951
1,3,4,2,p17,1,Node_1_33_1036_1825,1036,998.100,307.835,1757.810
1,3,4,2,p17,1,Node_1_63_2284_3650,2284,2708.753,1663.113,3649.583
1,3,4,2,p17,1,Node_1_86_3212_3650,3212,2967.763,2139.774,3649.975
1,3,4,2,p17,1,Node_1_102_1028_1825,1028,1083.995,392.871,1821.490
1,3,4,2,p17,1,Node_1_106_1285_3650,1285,1559.094,343.190,2834.383
1,3,4,2,p17,1,Node_1_111_745_1825,745,1446.295,926.749,1824.967
1,3,4,2,p17,1,Node_1_230_112_3650,112,503.754,-44.893,1376.656
1,3,4,2,p17,1,Node_1_265_2741_3650,2741,2706.945,1766.236,3649.551
1,3,4,2,p17,1,Node_1_267_1929_3650,1929,1923.967,807.699,3210.246
1,3,4,2,p17,1,Node_1_290_1028_1825,1028,1442.733,979.300,1824.963
1,3,4,2,p17,1,Node_1_351_828_1825,828,1179.721,599.868,1824.453
1,3,4,2,p17,1,Node_1_360_875_3650,875,2556.171,1418.870,3649.829
1,3,4,2,p17,1,Node_1_417_412_3650,412,505.752,-44.836,1409.996
1,3,4,2,p17,1,Node_1_527_3280_3650,3280,2260.123,1200.702,3469.412
1,3,4,2,p17,1,Node_1_598_2314_3650,2314,2095.291,932.145,3647.580
1,3,4,2,p17,1,Node_1_601_1820_1825,1820,1618.916,1287.945,1824.969
1,3,4,2,p17,1,Node_1_622_1456_3650,1456,1885.024,775.013,3212.046
1,3,4,2,p17,1,Node_1_627_1043_1825,1043,1293.654,794.385,1824.758
1,3,4,2,p17,1,Node_1_722_519_1825,519,1144.556,542.588,1824.817
1,3,4,2,p17,1,Node_1_814_3577_3650,3577,2534.067,1532.579,3643.420
1,3,4,2,p17,1,Node_1_820_533_1825,533,1128.761,507.001,1823.555
1,3,4,2,p17,1,Node_1_831_2258_3650,2258,2173.444,1125.350,3338.883
1,3,4,2,p17,1,Node_1_1038_1469_3650,1469,1670.026,552.315,3053.519
1,3,4,2,p17,1,Node_1_1129_1271_3650,1271,1920.221,890.902,2946.117
1,3,4,2,p17,1,Node_1_1158_2262_3650,2262,2377.083,1378.579,3624.748
1,3,4,2,p17,1,Node_1_1185_3183_3650,3183,3198.908,2471.985,3649.983
1,3,4,2,p17,1,Node_1_1211_688_3650,688,1219.641,240.593,2508.518
1,3,4,2,p17,1,Node_1_1212_320_3650,320,285.576,-44.997,946.068
1,3,4,2,p17,1,Node_1_1265_260_1825,260,276.760,-44.885,930.139
1,3,5,2,p17,1,Node_1_28_3220_3650,3220,2546.138,1479.811,3648.363
1,3,5,2,p17,1,Node_1_33_1036_1825,1036,1342.857,736.735,1824.990
1,3,5,2,p17,1,Node_1_63_2284_3650,2284,2293.805,1048.478,3649.992
1,3,5,2,p17,1,Node_1_86_3212_3650,3212,2499.980,1425.165,3617.599
1,3,5,2,p17,1,Node_1_102_1028_1825,1028,1051.951,299.603,1823.512
1,3,5,2,p17,1,Node_1_106_1285_3650,1285,2178.870,995.004,3615.442
1,3,5,2,p17,1,Node_1_111_745_1825,745,1184.326,460.999,1824.405
1,3,5,2,p17,1,Node_1_230_112_3650,112,355.646,-44.982,1153.909
1,3,5,2,p17,1,Node_1_265_2741_3650,2741,1845.060,628.049,3316.043
1,3,5,2,p17,1,Node_1_267_1929_3650,1929,1652.089,477.310,3082.525
1,3,5,2,p17,1,Node_1_290_1028_1825,1028,1221.655,516.124,1824.945
1,3,5,2,p17,1,Node_1_351_828_1825,828,482.985,-44.030,1200.572
1,3,5,2,p17,1,Node_1_360_875_3650,875,1604.670,405.800,3057.247
1,3,5,2,p17,1,Node_1_417_412_3650,412,601.659,-43.611,1420.147
1,3,5,2,p17,1,Node_1_527_3280_3650,3280,3051.583,2299.738,3649.764
1,3,5,2,p17,1,Node_1_598_2314_3650,2314,1546.528,312.241,3079.598
1,3,5,2,p17,1,Node_1_601_1820_1825,1820,1414.131,888.232,1824.977
1,3,5,2,p17,1,Node_1_622_1456_3650,1456,1426.997,269.489,2840.157
1,3,5,2,p17,1,Node_1_627_1043_1825,1043,1425.785,884.243,1824.978
1,3,5,2,p17,1,Node_1_722_519_1825,519,325.389,-44.936,1071.148
1,3,5,2,p17,1,Node_1_814_3577_3650,3577,2647.271,1549.321,3649.970
1,3,5,2,p17,1,Node_1_820_533_1825,533,1208.484,511.166,1824.977
1,3,5,2,p17,1,Node_1_831_2258_3650,2258,2554.508,1559.296,3645.639
1,3,5,2,p17,1,Node_1_1038_1469_3650,1469,1752.029,421.800,3309.313
1,3,5,2,p17,1,Node_1_1129_1271_3650,1271,2043.113,1070.148,3130.727
1,3,5,2,p17,1,Node_1_1158_2262_3650,2262,2002.787,716.319,3508.384
1,3,5,2,p17,1,Node_1_1185_3183_3650,3183,2397.707,1159.949,3649.387
1,3,5,2,p17,1,Node_1_1211_688_3650,688,668.584,-30.606,1547.345
1,3,5,2,p17,1,Node_1_1212_320_3650,320,507.288,-44.822,1319.650
1,3,5,2,p17,1,Node_1_1265_260_1825,260,334.631,-44.766,1075.010
1,3,6,2,p17,1,Node_1_28_3220_3650,3220,2099.105,878.337,3502.684
1,3,6,2,p17,1,Node_1_33_1036_1825,1036,890.619,153.678,1794.715
1,3,6,2,p17,1,Node_1_63_2284_3650,2284,2168.619,1065.788,3579.391
1,3,6,2,p17,1,Node_1_86_3212_3650,3212,3211.674,2591.838,3649.984
1,3,6,2,p17,1,Node_1_102_1028_1825,1028,444.976,-44.981,1193.549
1,3,6,2,p17,1,Node_1_106_1285_3650,1285,941.111,30.207,2038.504
1,3,6,2,p17,1,Node_1_111_745_1825,745,1076.515,462.226,1801.617
1,3,6,2,p17,1,Node_1_230_112_3650,112,848.964,27.430,1730.837
1,3,6,2,p17,1,Node_1_265_2741_3650,2741,2791.067,1778.745,3649.865
1,3,6,2,p17,1,Node_1_267_1929_3650,1929,2331.355,1198.578,3573.398
1,3,6,2,p17,1,Node_1_290_1028_1825,1028,1490.877,1001.838,1824.919
1,3,6,2,p17,1,Node_1_351_828_1825,828,1067.144,369.167,1824.635
1,3,6,2,p17,1,Node_1_360_875_3650,875,1647.000,416.374,3092.014
1,3,6,2,p17,1,Node_1_417_412_3650,412,539.324,-15.288,1321.111
1,3,6,2,p17,1,Node_1_527_3280_3650,3280,3075.789,2475.828,3649.962
1,3,6,2,p17,1,Node_1_598_2314_3650,2314,3067.300,2256.859,3649.808
1,3,6,2,p17,1,Node_1_601_1820_1825,1820,1524.393,1164.052,1824.997
1,3,6,2,p17,1,Node_1_622_1456_3650,1456,1061.676,192.690,2228.441
1,3,6,2,p17,1,Node_1_627_1043_1825,1043,1157.307,638.097,1776.623
1,3,6,2,p17,1,Node_1_722_519_1825,519,564.263,-44.977,1420.084
1,3,6,2,p17,1,Node_1_814_3577_3650,3577,2393.519,1200.772,3647.566
1,3,6,2,p17,1,Node_1_820_533_1825,533,897.260,163.221,1744.376
1,3,6,2,p17,1,Node_1_831_2258_3650,2258,2939.347,2041.444,3649.679
1,3,6,2,p17,1,Node_1_1038_1469_3650,1469,1918.137,720.411,3291.932
1,3,6,2,p17,1,Node_1_1129_1271_3650,1271,1719.715,731.404,2636.023
1,3,6,2,p17,1,Node_1_1158_2262_3650,2262,2326.801,1130.928,3632.479
1,3,6,2,p17,1,Node_1_1185_3183_3650,3183,2934.014,2041.887,3649.777
1,3,6,2,p17,1,Node_1_1211_688_3650,688,336.405,-44.966,1128.955
1,3,6,2,p17,1,Node_1_1212_320_3650,320,490.675,-44.593,1272.941
1,3,6,2,p17,1,Node_1_1265_260_1825,260,774.832,-42.826,1618.213
1,3,7,2,p17,1,Node_1_28_3220_3650,3220,3196.315,2470.122,3649.919
1,3,7,2,p17,1,Node_1_33_1036_1825,1036,1103.730,471.906,1823.669
1,3,7,2,p17,1,Node_1_63_2284_3650,2284,2718.158,1692.757,3649.682
1,3,7,2,p17,1,Node_1_86_3212_3650,3212,2838.652,2078.080,3648.881
1,3,7,2,p17,1,Node_1_102_1028_1825,1028,1268.971,631.178,1824.875
1,3,7,2,p17,1,Node_1_106_1285_3650,1285,1762.226,656.730,3034.188
1,3,7,2,p17,1,Node_1_111_745_1825,745,447.781,-44.859,1245.917
1,3,7,2,p17,1,Node_1_230_112_3650,112,521.345,-44.676,1388.113
1,3,7,2,p17,1,Node_1_265_2741_3650,2741,1971.391,768.013,3297.107
1,3,7,2,p17,1,Node_1_267_1929_3650,1929,2247.551,1069.059,3519.497
1,3,7,2,p17,1,Node_1_290_1028_1825,1028,925.605,253.475,1752.288
1,3,7,2,p17,1,Node_1_351_828_1825,828,1182.757,620.010,1824.324
1,3,7,2,p17,1,Node_1_360_875_3650,875,872.868,73.997,1847.039
1,3,7,2,p17,1,Node_1_417_412_3650,412,640.772,-38.315,1536.712
1,3,7,2,p17,1,Node_1_527_3280_3650,3280,2977.955,2234.698,3649.922
1,3,7,2,p17,1,Node_1_598_2314_3650,2314,1979.117,923.308,3283.311
1,3,7,2,p17,1,Node_1_601_1820_1825,1820,1540.813,1084.421,1825.000
1,3,7,2,p17,1,Node_1_622_1456_3650,1456,2176.975,1171.213,3411.577
1,3,7,2,p17,1,Node_1_627_1043_1825,1043,1021.766,399.088,1678.257
1,3,7,2,p17,1,Node_1_722_519_1825,519,293.420,-44.364,899.634
1,3,7,2,p17,1,Node_1_814_3577_3650,3577,2898.697,2037.956,3649.894
1,3,7,2,p17,1,Node_1_820_533_1825,533,267.272,-44.979,899.297
1,3,7,2,p17,1,Node_1_831_2258_3650,2258,2192.087,1228.616,3259.430
1,3,7,2,p17,1,Node_1_1038_1469_3650,1469,1974.300,772.033,3310.458
1,3,7,2,p17,1,Node_1_1129_1271_3650,1271,1177.505,348.306,2130.591
1,3,7,2,p17,1,Node_1_1158_2262_3650,2262,3013.343,2149.063,3649.939
1,3,7,2,p17,1,Node_1_1185_3183_3650,3183,3278.390,2650.863,3649.964
1,3,7,2,p17,1,Node_1_1211_688_3650,688,1795.116,804.498,3038.688
1,3,7,2,p17,1,Node_1_1212_320_3650,320,1271.909,173.555,2533.609
1,3,7,2,p17,1,Node_1_1265_260_1825,260,905.324,208.950,1678.277
1,3,8,2,p17,1,Node_1_28_3220_3650,3220,2562.226,1502.265,3649.981
1,3,8,2,p17,1,Node_1_33_1036_1825,1036,466.882,-43.853,1060.662
1,3,8,2,p17,1,Node_1_63_2284_3650,2284,2444.174,1417.265,3642.726
1,3,8,2,p17,1,Node_1_86_3212_3650,3212,2644.664,1746.618,3639.423
1,3,8,2,p17,1,Node_1_102_1028_1825,1028,1252.577,606.181,1824.947
1,3,8,2,p17,1,Node_1_106_1285_3650,1285,2165.181,1013.067,3342.398
1,3,8,2,p17,1,Node_1_111_745_1825,745,250.809,-44.983,854.240
1,3,8,2,p17,1,Node_1_230_112_3650,112,389.739,-44.996,988.408
1,3,8,2,p17,1,Node_1_265_2741_3650,2741,2962.687,2067.753,3649.945
1,3,8,2,p17,1,Node_1_267_1929_3650,1929,2719.769,1682.470,3649.262
1,3,8,2,p17,1,Node_1_290_1028_1825,1028,825.016,225.342,1507.042
1,3,8,2,p17,1,Node_1_351_828_1825,828,1274.178,628.250,1824.988
1,3,8,2,p17,1,Node_1_360_875_3650,875,974.318,184.953,1888.160
1,3,8,2,p17,1,Node_1_417_412_3650,412,249.929,-44.961,832.522
1,3,8,2,p17,1,Node_1_527_3280_3650,3280,3343.524,2835.079,3649.988
1,3,8,2,p17,1,Node_1_598_2314_3650,2314,2222.974,1098.090,3495.430
1,3,8,2,p17,1,Node_1_601_1820_1825,1820,1467.641,1010.053,1824.975
1,3,8,2,p17,1,Node_1_622_1456_3650,1456,2386.138,1426.690,3601.560
1,3,8,2,p17,1,Node_1_627_1043_1825,1043,1054.832,418.442,1823.474
1,3,8,2,p17,1,Node_1_722_519_1825,519,387.697,-44.937,1010.136
1,3,8,2,p17,1,Node_1_814_3577_3650,3577,3090.227,2249.364,3649.890
1,3,8,2,p17,1,Node_1_820_533_1825,533,785.242,58.706,1626.388
1,3,8,2,p17,1,Node_1_831_2258_3650,2258,2367.403,1330.171,3582.271
1,3,8,2,p17,1,Node_1_1038_1469_3650,1469,1983.932,884.827,3300.640
1,3,8,2,p17,1,Node_1_1129_1271_3650,1271,1308.573,513.831,2083.239
1,3,8,2,p17,1,Node_1_1158_2262_3650,2262,3096.314,2289.049,3649.889
1,3,8,2,p17,1,Node_1_1185_3183_3650,3183,2152.418,1055.249,3436.421
1,3,8,2,p17,1,Node_1_1211_688_3650,688,806.437,33.273,1739.855
1,3,8,2,p17,1,Node_1_1212_320_3650,320,265.184,-44.916,851.516
1,3,8,2,p17,1,Node_1_1265_260_1825,260,565.863,-44.992,1400.508
1,3,9,2,p17,1,Node_1_28_3220_3650,3220,2255.501,1070.831,3649.940
1,3,9,2,p17,1,Node_1_33_1036_1825,1036,1042.763,343.138,1824.770
1,3,9,2,p17,1,Node_1_63_2284_3650,2284,2874.295,1831.029,3649.697
1,3,9,2,p17,1,Node_1_86_3212_3650,3212,3095.379,2267.019,3649.932
1,3,9,2,p17,1,Node_1_102_1028_1825,1028,1060.219,346.842,1824.557
1,3,9,2,p17,1,Node_1_106_1285_3650,1285,1862.626,606.788,3316.826
1,3,9,2,p17,1,Node_1_111_745_1825,745,921.718,189.911,1803.513
1,3,9,2,p17,1,Node_1_230_112_3650,112,645.133,-40.905,1495.480
1,3,9,2,p17,1,Node_1_265_2741_3650,2741,2582.898,1416.097,3649.836
1,3,9,2,p17,1,Node_1_267_1929_3650,1929,2082.957,927.047,3453.633
1,3,9,2,p17,1,Node_1_290_1028_1825,1028,1039.068,370.846,1823.777
1,3,9,2,p17,1,Node_1_351_828_1825,828,326.874,-44.942,1066.710
1,3,9,2,p17,1,Node_1_360_875_3650,875,488.463,-44.981,1358.853
1,3,9,2,p17,1,Node_1_417_412_3650,412,2171.205,973.617,3644.973
1,3,9,2,p17,1,Node_1_527_3280_3650,3280,3188.168,2583.575,3649.876
1,3,9,2,p17,1,Node_1_598_2314_3650,2314,2481.493,1486.202,3617.245
1,3,9,2,p17,1,Node_1_601_1820_1825,1820,1578.854,1229.109,1824.864
1,3,9,2,p17,1,Node_1_622_1456_3650,1456,403.728,-44.259,1223.394
1,3,9,2,p17,1,Node_1_627_1043_1825,1043,787.005,12.624,1579.486
1,3,9,2,p17,1,Node_1_722_519_1825,519,771.226,-33.928,1602.586
1,3,9,2,p17,1,Node_1_814_3577_3650,3577,2599.615,1478.202,3648.813
1,3,9,2,p17,1,Node_1_820_533_1825,533,806.335,210.080,1561.711
1,3,9,2,p17,1,Node_1_831_2258_3650,2258,2915.205,2066.557,3649.593
1,3,9,2,p17,1,Node_1_1038_1469_3650,1469,2077.120,878.527,3470.399
1,3,9,2,p17,1,Node_1_1129_1271_3650,1271,1626.346,543.677,2920.412
1,3,9,2,p17,1,Node_1_1158_2262_3650,2262,2406.307,1263.456,3642.826
1,3,9,2,p17,1,Node_1_1185_3183_3650,3183,2333.501,1142.520,3631.101
1,3,9,2,p17,1,Node_1_1211_688_3650,688,1369.727,187.079,2729.072
1,3,9,2,p17,1,Node_1_1212_320_3650,320,335.158,-44.982,1091.446
1,3,9,2,p17,1,Node_1_1265_260_1825,260,369.943,-44.709,1107.626
1,3,10,2,p17,1,Node_1_28_3220_3650,3220,3202.680,2456.001,3649.917
1,3,10,2,p17,1,Node_1_33_1036_1825,1036,913.960,221.256,1776.058
1,3,10,2,p17,1,Node_1_63_2284_3650,2284,2832.749,1778.689,3649.913
1,3,10,2,p17,1,Node_1_86_3212_3650,3212,2903.068,1936.215,3649.937
1,3,10,2,p17,1,Node_1_102_1028_1825,1028,1517.391,1030.309,1824.984
1,3,10,2,p17,1,Node_1_106_1285_3650,1285,2049.844,1026.542,3401.363
1,3,10,2,p17,1,Node_1_111_745_1825,745,1098.390,390.166,1824.847
1,3,10,2,p17,1,Node_1_230_112_3650,112,838.546,-44.577,1951.380
1,3,10,2,p17,1,Node_1_265_2741_3650,2741,3186.580,2406.077,3649.998
1,3,10,2,p17,1,Node_1_267_1929_3650,1929,2518.056,1363.199,3649.935
1,3,10,2,p17,1,Node_1_290_1028_1825,1028,1117.402,469.123,1824.892
1,3,10,2,p17,1,Node_1_351_828_1825,828,1168.623,491.162,1824.930
1,3,10,2,p17,1,Node_1_360_875_3650,875,1104.703,29.290,2275.516
1,3,10,2,p17,1,Node_1_417_412_3650,412,1365.753,249.838,2699.230
1,3,10,2,p17,1,Node_1_527_3280_3650,3280,2988.980,2173.278,3649.847
1,3,10,2,p17,1,Node_1_598_2314_3650,2314,1239.144,327.903,2403.275
1,3,10,2,p17,1,Node_1_601_1820_1825,1820,1566.430,1199.738,1824.983
1,3,10,2,p17,1,Node_1_622_1456_3650,1456,2349.318,1279.395,3626.025
1,3,10,2,p17,1,Node_1_627_1043_1825,1043,837.639,112.411,1580.891
1,3,10,2,p17,1,Node_1_722_519_1825,519,493.162,-44.412,1232.531
1,3,10,2,p17,1,Node_1_814_3577_3650,3577,2999.498,2095.698,3649.867
1,3,10,2,p17,1,Node_1_820_533_1825,533,583.671,-44.734,1300.461
1,3,10,2,p17,1,Node_1_831_2258_3650,2258,2515.245,1668.481,3495.221
1,3,10,2,p17,1,Node_1_1038_1469_3650,1469,1717.909,543.091,3047.960
1,3,10,2,p17,1,Node_1_1129_1271_3650,1271,1505.807,659.072,2428.725
1,3,10,2,p17,1,Node_1_1158_2262_3650,2262,2531.173,1411.002,3649.191
1,3,10,2,p17,1,Node_1_1185_3183_3650,3183,3120.835,2304.907,3649.995
1,3,10,2,p17,1,Node_1_1211_688_3650,688,1109.958,25.627,2102.694
1,3,10,2,p17,1,Node_1_1212_320_3650,320,750.960,-44.350,1781.466
1,3,10,2,p17,1,Node_1_1265_260_1825,260,682.670,-32.743,1514.884
1,3,11,2,p17,1,Node_1_28_3220_3650,3220,2338.731,1182.023,3648.992
1,3,11,2,p17,1,Node_1_33_1036_1825,1036,1182.978,463.022,1824.974
1,3,11,2,p17,1,Node_1_63_2284_3650,2284,3006.842,2128.593,3649.953
1,3,11,2,p17,1,Node_1_86_3212_3650,3212,2679.103,1746.206,3649.595
1,3,11,2,p17,1,Node_1_102_1028_1825,1028,1514.108,1013.421,1824.996
1,3,11,2,p17,1,Node_1_106_1285_3650,1285,1975.918,1014.969,2990.111
1,3,11,2,p17,1,Node_1_111_745_1825,745,1098.996,389.127,1824.994
1,3,11,2,p17,1,Node_1_230_112_3650,112,566.536,-44.645,1497.381
1,3,11,2,p17,1,Node_1_265_2741_3650,2741,2805.259,1836.326,3649.945
1,3,11,2,p17,1,Node_1_267_1929_3650,1929,2956.156,2034.392,3649.919
1,3,11,2,p17,1,Node_1_290_1028_1825,1028,1147.408,543.759,1824.058
1,3,11,2,p17,1,Node_1_351_828_1825,828,1442.965,890.981,1824.995
1,3,11,2,p17,1,Node_1_360_875_3650,875,1581.760,328.778,2987.247
1,3,11,2,p17,1,Node_1_417_412_3650,412,853.893,48.983,1734.600
1,3,11,2,p17,1,Node_1_527_3280_3650,3280,2768.624,1870.731,3648.132
1,3,11,2,p17,1,Node_1_598_2314_3650,2314,1676.219,687.299,2900.971
1,3,11,2,p17,1,Node_1_601_1820_1825,1820,1322.535,849.146,1824.754
1,3,11,2,p17,1,Node_1_622_1456_3650,1456,528.663,-40.640,1241.900
1,3,11,2,p17,1,Node_1_627_1043_1825,1043,560.852,70.938,1266.250
1,3,11,2,p17,1,Node_1_722_519_1825,519,542.519,-43.999,1278.022
1,3,11,2,p17,1,Node_1_814_3577_3650,3577,2754.431,1715.874,3648.728
1,3,11,2,p17,1,Node_1_820_533_1825,533,852.319,118.353,1707.379
1,3,11,2,p17,1,Node_1_831_2258_3650,2258,1173.370,190.120,2373.898
1,3,11,2,p17,1,Node_1_1038_1469_3650,1469,1998.008,809.647,3316.319
1,3,11,2,p17,1,Node_1_1129_1271_3650,1271,1981.889,1169.844,2888.840
1,3,11,2,p17,1,Node_1_1158_2262_3650,2262,1558.180,543.093,2775.990
1,3,11,2,p17,1,Node_1_1185_3183_3650,3183,2999.972,2090.472,3649.628
1,3,11,2,p17,1,Node_1_1211_688_3650,688,1965.695,692.529,3412.994
1,3,11,2,p17,1,Node_1_1212_320_3650,320,1018.887,-43.347,2151.608
1,3,11,2,p17,1,Node_1_1265_260_1825,260,425.795,-42.869,1095.595
1,3,12,2,p17,1,Node_1_28_3220_3650,3220,2855.538,1921.942,3649.963
1,3,12,2,p17,1,Node_1_33_1036_1825,1036,677.464,2.139,1453.953
1,3,12,2,p17,1,Node_1_63_2284_3650,2284,2242.536,1114.672,3566.892
1,3,12,2,p17,1,Node_1_86_3212_3650,3212,3277.928,2719.530,3649.947
1,3,12,2,p17,1,Node_1_102_1028_1825,1028,1277.593,661.063,1824.873
1,3,12,2,p17,1,Node_1_106_1285_3650,1285,555.490,-41.509,1227.394
1,3,12,2,p17,1,Node_1_111_745_1825,745,1243.362,609.892,1824.972
1,3,12,2,p17,1,Node_1_230_112_3650,112,432.757,-44.942,1020.743
1,3,12,2,p17,1,Node_1_265_2741_3650,2741,3065.376,2219.458,3649.712
1,3,12,2,p17,1,Node_1_267_1929_3650,1929,1244.498,386.865,2221.892
1,3,12,2,p17,1,Node_1_290_1028_1825,1028,1425.715,946.847,1824.895
1,3,12,2,p17,1,Node_1_351_828_1825,828,1267.143,663.838,1824.686
1,3,12,2,p17,1,Node_1_360_875_3650,875,1859.751,785.686,3050.183
1,3,12,2,p17,1,Node_1_417_412_3650,412,935.093,264.126,1831.233
1,3,12,2,p17,1,Node_1_527_3280_3650,3280,2983.491,2225.102,3649.956
1,3,12,2,p17,1,Node_1_598_2314_3650,2314,2078.195,1200.108,3231.815
1,3,12,2,p17,1,Node_1_601_1820_1825,1820,1497.140,1081.445,1824.968
1,3,12,2,p17,1,Node_1_622_1456_3650,1456,1725.777,601.047,2995.187
1,3,12,2,p17,1,Node_1_627_1043_1825,1043,1417.601,979.384,1824.944
1,3,12,2,p17,1,Node_1_722_519_1825,519,486.199,-44.821,1245.890
1,3,12,2,p17,1,Node_1_814_3577_3650,3577,3041.372,2192.497,3649.084
1,3,12,2,p17,1,Node_1_820_533_1825,533,539.788,-43.783,1305.904
1,3,12,2,p17,1,Node_1_831_2258_3650,2258,2569.364,1848.937,3363.077
1,3,12,2,p17,1,Node_1_1038_1469_3650,1469,848.602,-22.588,1862.160
1,3,12,2,p17,1,Node_1_1129_1271_3650,1271,1100.286,372.670,1871.721
1,3,12,2,p17,1,Node_1_1158_2262_3650,2262,1382.732,365.821,2554.479
1,3,12,2,p17,1,Node_1_1185_3183_3650,3183,2999.339,2127.613,3649.785
1,3,12,2,p17,1,Node_1_1211_688_3650,688,334.126,-43.071,927.125
1,3,12,2,p17,1,Node_1_1212_320_3650,320,1711.356,701.425,2965.284
1,3,12,2,p17,1,Node_1_1265_260_1825,260,411.676,-27.456,1013.451
1,3,13,2,p17,1,Node_1_28_3220_3650,3220,3043.031,2100.193,3649.990
1,3,13,2,p17,1,Node_1_33_1036_1825,1036,923.721,169.904,1810.935
1,3,13,2,p17,1,Node_1_63_2284_3650,2284,1610.065,447.916,3024.499
1,3,13,2,p17,1,Node_1_86_3212_3650,3212,3257.899,2617.710,3649.948
1,3,13,2,p17,1,Node_1_102_1028_1825,1028,1396.396,807.419,1824.996
1,3,13,2,p17,1,Node_1_106_1285_3650,1285,1115.345,251.315,2060.043
1,3,13,2,p17,1,Node_1_111_745_1825,745,1558.710,1160.460,1824.996
1,3,13,2,p17,1,Node_1_230_112_3650,112,1024.945,223.181,1924.415
1,3,13,2,p17,1,Node_1_265_2741_3650,2741,2778.140,1725.917,3649.974
1,3,13,2,p17,1,Node_1_267_1929_3650,1929,2483.767,1476.764,3649.668
1,3,13,2,p17,1,Node_1_290_1028_1825,1028,1222.602,532.828,1824.981
1,3,13,2,p17,1,Node_1_351_828_1825,828,528.719,-44.978,1233.650
1,3,13,2,p17,1,Node_1_360_875_3650,875,2277.449,1145.525,3582.616
1,3,13,2,p17,1,Node_1_417_412_3650,412,442.030,-44.921,1216.980
1,3,13,2,p17,1,Node_1_527_3280_3650,3280,2459.137,1466.024,3622.125
1,3,13,2,p17,1,Node_1_598_2314_3650,2314,1621.490,530.867,2909.977
1,3,13,2,p17,1,Node_1_601_1820_1825,1820,1598.750,1243.234,1824.995
1,3,13,2,p17,1,Node_1_622_1456_3650,1456,2278.225,1169.533,3589.040
1,3,13,2,p17,1,Node_1_627_1043_1825,1043,1271.449,714.977,1824.922
1,3,13,2,p17,1,Node_1_722_519_1825,519,1087.160,340.816,1824.952
1,3,13,2,p17,1,Node_1_814_3577_3650,3577,2315.965,1191.722,3649.046
1,3,13,2,p17,1,Node_1_820_533_1825,533,1327.040,695.551,1824.934
1,3,13,2,p17,1,Node_1_831_2258_3650,2258,2906.916,2007.332,3649.901
1,3,13,2,p17,1,Node_1_1038_1469_3650,1469,2478.957,1405.129,3649.017
1,3,13,2,p17,1,Node_1_1129_1271_3650,1271,1228.546,361.271,2244.262
1,3,13,2,p17,1,Node_1_1158_2262_3650,2262,2293.176,1145.430,3613.129
1,3,13,2,p17,1,Node_1_1185_3183_3650,3183,2790.867,1748.921,3649.956
1,3,13,2,p17,1,Node_1_1211_688_3650,688,1404.535,192.729,2815.077
1,3,13,2,p17,1,Node_1_1212_320_3650,320,2408.192,1235.646,3648.007
1,3,13,2,p17,1,Node_1_1265_260_1825,260,379.269,-44.975,1086.653
1,3,14,2,p17,1,Node_1_28_3220_3650,3220,3057.483,2200.174,3649.950
1,3,14,2,p17,1,Node_1_33_1036_1825,1036,1581.700,1178.184,1824.950
1,3,14,2,p17,1,Node_1_63_2284_3650,2284,2896.766,1901.851,3649.385
1,3,14,2,p17,1,Node_1_86_3212_3650,3212,3260.389,2685.116,3649.928
1,3,14,2,p17,1,Node_1_102_1028_1825,1028,1586.628,1179.443,1824.996
1,3,14,2,p17,1,Node_1_106_1285_3650,1285,1919.151,835.039,3127.470
1,3,14,2,p17,1,Node_1_111_745_1825,745,843.519,177.315,1548.020
1,3,14,2,p17,1,Node_1_230_112_3650,112,740.902,-14.860,1687.039
1,3,14,2,p17,1,Node_1_265_2741_3650,2741,2928.195,1909.609,3649.985
1,3,14,2,p17,1,Node_1_267_1929_3650,1929,2025.033,756.376,3487.135
1,3,14,2,p17,1,Node_1_290_1028_1825,1028,1185.522,544.527,1824.898
1,3,14,2,p17,1,Node_1_351_828_1825,828,1202.489,514.761,1824.967
1,3,14,2,p17,1,Node_1_360_875_3650,875,1852.706,564.421,3234.420
1,3,14,2,p17,1,Node_1_417_412_3650,412,382.553,-44.545,1232.466
1,3,14,2,p17,1,Node_1_527_3280_3650,3280,2875.363,1961.715,3649.909
1,3,14,2,p17,1,Node_1_598_2314_3650,2314,671.247,-44.835,1936.540
1,3,14,2,p17,1,Node_1_601_1820_1825,1820,1423.996,847.751,1824.885
1,3,14,2,p17,1,Node_1_622_1456_3650,1456,2581.259,1523.320,3649.057
1,3,14,2,p17,1,Node_1_627_1043_1825,1043,1460.051,948.930,1824.927
1,3,14,2,p17,1,Node_1_722_519_1825,519,900.569,258.028,1726.520
1,3,14,2,p17,1,Node_1_814_3577_3650,3577,2998.055,2080.836,3649.958
1,3,14,2,p17,1,Node_1_820_533_1825,533,1453.777,891.270,1824.998
1,3,14,2,p17,1,Node_1_831_2258_3650,2258,2703.907,1501.822,3646.340
1,3,14,2,p17,1,Node_1_1038_1469_3650,1469,1694.543,599.115,3097.919
1,3,14,2,p17,1,Node_1_1129_1271_3650,1271,769.387,5.224,1739.635
1,3,14,2,p17,1,Node_1_1158_2262_3650,2262,2983.118,2096.374,3649.992
1,3,14,2,p17,1,Node_1_1185_3183_3650,3183,2509.926,1363.897,3649.930
1,3,14,2,p17,1,Node_1_1211_688_3650,688,374.715,-44.953,1217.026
1,3,14,2,p17,1,Node_1_1212_320_3650,320,376.475,-44.930,1238.516
1,3,14,2,p17,1,Node_1_1265_260_1825,260,803.022,72.547,1662.106
1,3,15,2,p17,1,Node_1_28_3220_3650,3220,3282.521,2669.460,3649.961
1,3,15,2,p17,1,Node_1_33_1036_1825,1036,1253.827,638.526,1824.902
1,3,15,2,p17,1,Node_1_63_2284_3650,2284,1012.721,-36.416,2215.703
1,3,15,2,p17,1,Node_1_86_3212_3650,3212,3006.492,2169.468,3649.863
1,3,15,2,p17,1,Node_1_102_1028_1825,1028,957.994,295.413,1776.475
1,3,15,2,p17,1,Node_1_106_1285_3650,1285,1711.835,400.482,3140.129
1,3,15,2,p17,1,Node_1_111_745_1825,745,588.361,-43.267,1366.240
1,3,15,2,p17,1,Node_1_230_112_3650,112,636.925,-44.977,1567.708
1,3,15,2,p17,1,Node_1_265_2741_3650,2741,3126.518,2291.894,3649.147
1,3,15,2,p17,1,Node_1_267_1929_3650,1929,1856.670,727.759,3165.469
1,3,15,2,p17,1,Node_1_290_1028_1825,1028,719.278,-10.173,1500.470
1,3,15,2,p17,1,Node_1_351_828_1825,828,1416.263,895.317,1824.997
1,3,15,2,p17,1,Node_1_360_875_3650,875,1422.037,312.719,2699.108
1,3,15,2,p17,1,Node_1_417_412_3650,412,296.183,-44.900,927.691
1,3,15,2,p17,1,Node_1_527_3280_3650,3280,3042.544,2475.819,3649.870
1,3,15,2,p17,1,Node_1_598_2314_3650,2314,2568.500,1568.297,3648.014
1,3,15,2,p17,1,Node_1_601_1820_1825,1820,1529.409,1111.746,1824.945
1,3,15,2,p17,1,Node_1_622_1456_3650,1456,1473.973,464.941,2656.847
1,3,15,2,p17,1,Node_1_627_1043_1825,1043,1105.319,577.110,1744.139
1,3,15,2,p17,1,Node_1_722_519_1825,519,499.772,-42.774,1301.954
1,3,15,2,p17,1,Node_1_814_3577_3650,3577,2655.513,1588.008,3649.324
1,3,15,2,p17,1,Node_1_820_533_1825,533,1366.303,753.426,1824.894
1,3,15,2,p17,1,Node_1_831_2258_3650,2258,2802.391,1993.918,3649.864
1,3,15,2,p17,1,Node_1_1038_1469_3650,1469,1437.784,356.863,2695.515
1,3,15,2,p17,1,Node_1_1129_1271_3650,1271,2115.497,1274.895,3052.746
1,3,15,2,p17,1,Node_1_1158_2262_3650,2262,2741.312,1642.710,3649.780
1,3,15,2,p17,1,Node_1_1185_3183_3650,3183,3337.959,2786.451,3649.936
1,3,15,2,p17,1,Node_1_1211_688_3650,688,426.830,-44.870,1256.263
1,3,15,2,p17,1,Node_1_1212_320_3650,320,259.931,-44.972,874.168
1,3,15,2,p17,1,Node_1_1265_260_1825,260,319.580,-44.799,945.564
1,3,16,2,p17,1,Node_1_28_3220_3650,3220,3224.899,2538.358,3649.980
1,3,16,2,p17,1,Node_1_33_1036_1825,1036,1148.852,479.394,1824.943
1,3,16,2,p17,1,Node_1_63_2284_3650,2284,1779.753,541.675,3214.237
1,3,16,2,p17,1,Node_1_86_3212_3650,3212,3122.648,2397.462,3649.985
1,3,16,2,p17,1,Node_1_102_1028_1825,1028,283.897,-44.990,942.172
1,3,16,2,p17,1,Node_1_106_1285_3650,1285,405.422,-44.934,1085.559
1,3,16,2,p17,1,Node_1_111_745_1825,745,948.060,291.378,1759.079
1,3,16,2,p17,1,Node_1_230_112_3650,112,899.470,112.647,1715.125
1,3,16,2,p17,1,Node_1_265_2741_3650,2741,3253.901,2595.093,3649.961
1,3,16,2,p17,1,Node_1_267_1929_3650,1929,3119.233,2396.783,3649.996
1,3,16,2,p17,1,Node_1_290_1028_1825,1028,575.648,-13.332,1269.074
1,3,16,2,p17,1,Node_1_351_828_1825,828,765.734,43.438,1595.070
1,3,16,2,p17,1,Node_1_360_875_3650,875,1767.131,607.716,3132.899
1,3,16,2,p17,1,Node_1_417_412_3650,412,568.330,-44.714,1525.167
1,3,16,2,p17,1,Node_1_527_3280_3650,3280,3229.126,2570.556,3649.860
1,3,16,2,p17,1,Node_1_598_2314_3650,2314,2666.858,1683.577,3648.347
1,3,16,2,p17,1,Node_1_601_1820_1825,1820,1379.007,869.553,1824.968
1,3,16,2,p17,1,Node_1_622_1456_3650,1456,2163.202,1016.374,3457.398
1,3,16,2,p17,1,Node_1_627_1043_1825,1043,1343.723,713.795,1824.981
1,3,16,2,p17,1,Node_1_722_519_1825,519,792.494,65.529,1661.157
1,3,16,2,p17,1,Node_1_814_3577_3650,3577,2979.597,2037.055,3649.520
1,3,16,2,p17,1,Node_1_820_533_1825,533,798.753,24.342,1635.556
1,3,16,2,p17,1,Node_1_831_2258_3650,2258,2477.743,1515.847,3315.055
1,3,16,2,p17,1,Node_1_1038_1469_3650,1469,1373.222,590.682,2195.644
1,3,16,2,p17,1,Node_1_1129_1271_3650,1271,2202.458,1438.710,3098.055
1,3,16,2,p17,1,Node_1_1158_2262_3650,2262,3002.028,2124.293,3649.968
1,3,16,2,p17,1,Node_1_1185_3183_3650,3183,2955.949,2038.151,3649.937
1,3,16,2,p17,1,Node_1_1211_688_3650,688,1128.570,112.428,2323.655
1,3,16,2,p17,1,Node_1_1212_320_3650,320,1619.925,589.615,2786.811
1,3,16,2,p17,1,Node_1_1265_260_1825,260,298.012,-44.975,951.405
1,3,17,2,p17,1,Node_1_28_3220_3650,3220,3129.391,2341.861,3649.942
1,3,17,2,p17,1,Node_1_33_1036_1825,1036,1279.858,693.013,1824.712
1,3,17,2,p17,1,Node_1_63_2284_3650,2284,2871.785,1881.092,3649.925
1,3,17,2,p17,1,Node_1_86_3212_3650,3212,3015.152,2331.360,3649.848
1,3,17,2,p17,1,Node_1_102_1028_1825,1028,1222.566,656.044,1824.848
1,3,17,2,p17,1,Node_1_106_1285_3650,1285,1327.412,476.749,2261.240
1,3,17,2,p17,1,Node_1_111_745_1825,745,1144.478,522.820,1824.284
1,3,17,2,p17,1,Node_1_230_112_3650,112,331.347,-44.891,1063.148
1,3,17,2,p17,1,Node_1_265_2741_3650,2741,1199.917,155.857,2573.345
1,3,17,2,p17,1,Node_1_267_1929_3650,1929,3071.254,2206.479,3649.851
1,3,17,2,p17,1,Node_1_290_1028_1825,1028,818.556,277.247,1555.550
1,3,17,2,p17,1,Node_1_351_828_1825,828,1033.248,380.351,1818.176
1,3,17,2,p17,1,Node_1_360_875_3650,875,963.080,-44.077,2234.549
1,3,17,2,p17,1,Node_1_417_412_3650,412,328.725,-44.961,1082.928
1,3,17,2,p17,1,Node_1_527_3280_3650,3280,3146.202,2378.804,3649.958
1,3,17,2,p17,1,Node_1_598_2314_3650,2314,1602.041,550.705,2944.464
1,3,17,2,p17,1,Node_1_601_1820_1825,1820,1394.411,990.136,1824.438
1,3,17,2,p17,1,Node_1_622_1456_3650,1456,1002.257,57.205,2147.084
1,3,17,2,p17,1,Node_1_627_1043_1825,1043,1458.348,937.079,1824.993
1,3,17,2,p17,1,Node_1_722_519_1825,519,1157.363,459.445,1824.754
1,3,17,2,p17,1,Node_1_814_3577_3650,3577,3035.696,2139.032,3649.969
1,3,17,2,p17,1,Node_1_820_533_1825,533,928.812,186.527,1824.948
1,3,17,2,p17,1,Node_1_831_2258_3650,2258,1967.022,960.674,3078.146
1,3,17,2,p17,1,Node_1_1038_1469_3650,1469,641.072,-44.932,1684.801
1,3,17,2,p17,1,Node_1_1129_1271_3650,1271,1508.041,599.621,2481.220
1,3,17,2,p17,1,Node_1_1158_2262_3650,2262,2290.483,985.261,3647.814
1,3,17,2,p17,1,Node_1_1185_3183_3650,3183,2460.779,1348.257,3649.772
1,3,17,2,p17,1,Node_1_1211_688_3650,688,2524.552,1411.330,3642.989
1,3,17,2,p17,1,Node_1_1212_320_3650,320,683.414,66.449,1468.999
1,3,17,2,p17,1,Node_1_1265_260_1825,260,321.415,-44.866,1027.887
1,3,18,2,p17,1,Node_1_28_3220_3650,3220,2636.746,1599.484,3649.612
1,3,18,2,p17,1,Node_1_33_1036_1825,1036,1437.187,879.981,1824.998
1,3,18,2,p17,1,Node_1_63_2284_3650,2284,2597.142,1544.702,3649.253
1,3,18,2,p17,1,Node_1_86_3212_3650,3212,2973.207,2334.072,3649.441
1,3,18,2,p17,1,Node_1_102_1028_1825,1028,852.212,81.223,1672.411
1,3,18,2,p17,1,Node_1_106_1285_3650,1285,2092.609,900.535,3526.564
1,3,18,2,p17,1,Node_1_111_745_1825,745,1424.488,877.937,1824.877
1,3,18,2,p17,1,Node_1_230_112_3650,112,411.450,-44.983,1079.772
1,3,18,2,p17,1,Node_1_265_2741_3650,2741,2902.557,1961.433,3649.862
1,3,18,2,p17,1,Node_1_267_1929_3650,1929,2541.360,1529.213,3649.305
1,3,18,2,p17,1,Node_1_290_1028_1825,1028,1222.439,723.537,1822.008
1,3,18,2,p17,1,Node_1_351_828_1825,828,779.986,122.631,1566.944
1,3,18,2,p17,1,Node_1_360_875_3650,875,804.467,-44.481,1868.780
1,3,18,2,p17,1,Node_1_417_412_3650,412,584.141,-44.699,1451.204
1,3,18,2,p17,1,Node_1_527_3280_3650,3280,3282.510,2727.077,3649.943
1,3,18,2,p17,1,Node_1_598_2314_3650,2314,1922.805,678.438,3361.732
1,3,18,2,p17,1,Node_1_601_1820_1825,1820,1224.094,558.920,1824.954
1,3,18,2,p17,1,Node_1_622_1456_3650,1456,2107.240,810.589,3485.716
1,3,18,2,p17,1,Node_1_627_1043_1825,1043,1446.868,980.164,1824.992
1,3,18,2,p17,1,Node_1_722_519_1825,519,820.092,25.401,1671.185
1,3,18,2,p17,1,Node_1_814_3577_3650,3577,3220.358,2523.684,3649.889
1,3,18,2,p17,1,Node_1_820_533_1825,533,863.255,130.155,1682.596
1,3,18,2,p17,1,Node_1_831_2258_3650,2258,2462.584,1555.399,3420.167
1,3,18,2,p17,1,Node_1_1038_1469_3650,1469,1351.987,540.262,2236.353
1,3,18,2,p17,1,Node_1_1129_1271_3650,1271,1407.363,650.396,2193.499
1,3,18,2,p17,1,Node_1_1158_2262_3650,2262,2172.856,989.380,3649.478
1,3,18,2,p17,1,Node_1_1185_3183_3650,3183,2543.450,1588.712,3649.794
1,3,18,2,p17,1,Node_1_1211_688_3650,688,512.286,-44.850,1372.427
1,3,18,2,p17,1,Node_1_1212_320_3650,320,418.966,-44.499,1073.469
1,3,18,2,p17,1,Node_1_1265_260_1825,260,465.167,-31.157,1117.091
1,3,19,2,p17,1,Node_1_28_3220_3650,3220,2791.976,1822.865,3649.993
1,3,19,2,p17,1,Node_1_33_1036_1825,1036,1127.118,488.728,1824.076
1,3,19,2,p17,1,Node_1_63_2284_3650,2284,2234.321,1134.385,3621.317
1,3,19,2,p17,1,Node_1_86_3212_3650,3212,3003.170,2154.940,3649.414
1,3,19,2,p17,1,Node_1_102_1028_1825,1028,812.024,282.571,1430.958
1,3,19,2,p17,1,Node_1_106_1285_3650,1285,1900.291,773.811,3200.332
1,3,19,2,p17,1,Node_1_111_745_1825,745,1184.675,550.418,1824.831
1,3,19,2,p17,1,Node_1_230_112_3650,112,517.528,-44.548,1314.859
1,3,19,2,p17,1,Node_1_265_2741_3650,2741,2582.161,1535.861,3645.961
1,3,19,2,p17,1,Node_1_267_1929_3650,1929,2036.368,877.723,3342.171
1,3,19,2,p17,1,Node_1_290_1028_1825,1028,1452.672,947.245,1824.937
1,3,19,2,p17,1,Node_1_351_828_1825,828,1136.557,495.220,1824.646
1,3,19,2,p17,1,Node_1_360_875_3650,875,254.973,-44.909,851.669
1,3,19,2,p17,1,Node_1_417_412_3650,412,586.325,-43.888,1459.639
1,3,19,2,p17,1,Node_1_527_3280_3650,3280,3232.590,2669.203,3649.686
1,3,19,2,p17,1,Node_1_598_2314_3650,2314,2329.515,1229.965,3555.379
1,3,19,2,p17,1,Node_1_601_1820_1825,1820,1392.310,851.293,1824.976
1,3,19,2,p17,1,Node_1_622_1456_3650,1456,2269.702,1223.992,3478.333
1,3,19,2,p17,1,Node_1_627_1043_1825,1043,1234.160,739.972,1809.853
1,3,19,2,p17,1,Node_1_722_519_1825,519,879.275,240.785,1691.947
1,3,19,2,p17,1,Node_1_814_3577_3650,3577,3280.923,2665.783,3649.955
1,3,19,2,p17,1,Node_1_820_533_1825,533,638.037,-44.848,1471.243
1,3,19,2,p17,1,Node_1_831_2258_3650,2258,1700.960,442.603,3011.774
1,3,19,2,p17,1,Node_1_1038_1469_3650,1469,2059.717,884.390,3402.193
1,3,19,2,p17,1,Node_1_1129_1271_3650,1271,1822.903,987.545,2648.239
1,3,19,2,p17,1,Node_1_1158_2262_3650,2262,2823.410,1813.999,3649.682
1,3,19,2,p17,1,Node_1_1185_3183_3650,3183,3251.299,2599.802,3649.991
1,3,19,2,p17,1,Node_1_1211_688_3650,688,1730.845,548.409,3089.836
1,3,19,2,p17,1,Node_1_1212_320_3650,320,256.668,-44.995,857.299
1,3,19,2,p17,1,Node_1_1265_260_1825,260,503.446,-44.220,1266.171
1,3,20,2,p17,1,Node_1_28_3220_3650,3220,2863.310,1822.368,3649.992
1,3,20,2,p17,1,Node_1_33_1036_1825,1036,1028.825,420.593,1821.467
1,3,20,2,p17,1,Node_1_63_2284_3650,2284,2868.970,1810.253,3649.707
1,3,20,2,p17,1,Node_1_86_3212_3650,3212,3223.980,2535.803,3649.943
1,3,20,2,p17,1,Node_1_102_1028_1825,1028,1221.220,562.218,1824.823
1,3,20,2,p17,1,Node_1_106_1285_3650,1285,1479.647,316.486,2733.105
1,3,20,2,p17,1,Node_1_111_745_1825,745,1590.146,1175.939,1824.956
1,3,20,2,p17,1,Node_1_230_112_3650,112,369.965,-44.984,1220.345
1,3,20,2,p17,1,Node_1_265_2741_3650,2741,1926.563,671.991,3374.410
1,3,20,2,p17,1,Node_1_267_1929_3650,1929,1766.225,522.101,3249.019
1,3,20,2,p17,1,Node_1_290_1028_1825,1028,518.665,-44.721,1254.994
1,3,20,2,p17,1,Node_1_351_828_1825,828,899.291,187.102,1758.172
1,3,20,2,p17,1,Node_1_360_875_3650,875,504.787,-44.883,1344.756
1,3,20,2,p17,1,Node_1_417_412_3650,412,422.459,-44.823,1243.910
1,3,20,2,p17,1,Node_1_527_3280_3650,3280,2801.511,1998.107,3649.427
1,3,20,2,p17,1,Node_1_598_2314_3650,2314,1994.600,927.607,3271.015
1,3,20,2,p17,1,Node_1_601_1820_1825,1820,1324.470,773.807,1824.995
1,3,20,2,p17,1,Node_1_622_1456_3650,1456,1773.780,686.660,3197.469
1,3,20,2,p17,1,Node_1_627_1043_1825,1043,1340.244,833.922,1824.869
1,3,20,2,p17,1,Node_1_722_519_1825,519,482.126,-44.938,1354.526
1,3,20,2,p17,1,Node_1_814_3577_3650,3577,3130.320,2325.202,3649.933
1,3,20,2,p17,1,Node_1_820_533_1825,533,1078.458,326.920,1824.906
1,3,20,2,p17,1,Node_1_831_2258_3650,2258,2681.203,1665.057,3649.919
1,3,20,2,p17,1,Node_1_1038_1469_3650,1469,1081.458,65.304,2286.902
1,3,20,2,p17,1,Node_1_1129_1271_3650,1271,1445.177,580.883,2538.435
1,3,20,2,p17,1,Node_1_1158_2262_3650,2262,2640.471,1532.580,3648.882
1,3,20,2,p17,1,Node_1_1185_3183_3650,3183,2741.498,1722.333,3648.259
1,3,20,2,p17,1,Node_1_1211_688_3650,688,1061.676,25.662,2279.410
1,3,20,2,p17,1,Node_1_1212_320_3650,320,1276.678,158.162,2523.032
1,3,20,2,p17,1,Node_1_1265_260_1825,260,338.246,-44.611,1083.274
1,3,21,2,p17,1,Node_1_28_3220_3650,3220,3208.140,2493.734,3649.944
1,3,21,2,p17,1,Node_1_33_1036_1825,1036,1417.023,884.561,1824.997
1,3,21,2,p17,1,Node_1_63_2284_3650,2284,2902.795,1947.296,3649.964
1,3,21,2,p17,1,Node_1_86_3212_3650,3212,2872.626,2027.993,3649.985
1,3,21,2,p17,1,Node_1_102_1028_1825,1028,1430.213,856.135,1824.999
1,3,21,2,p17,1,Node_1_106_1285_3650,1285,2288.971,1327.291,3647.275
1,3,21,2,p17,1,Node_1_111_745_1825,745,1229.267,594.035,1824.863
1,3,21,2,p17,1,Node_1_230_112_3650,112,270.062,-44.878,901.322
1,3,21,2,p17,1,Node_1_265_2741_3650,2741,2856.007,1822.501,3649.750
1,3,21,2,p17,1,Node_1_267_1929_3650,1929,2696.743,1660.181,3649.926
1,3,21,2,p17,1,Node_1_290_1028_1825,1028,1014.974,376.202,1824.809
1,3,21,2,p17,1,Node_1_351_828_1825,828,1234.799,634.372,1824.995
1,3,21,2,p17,1,Node_1_360_875_3650,875,486.410,-44.826,1321.647
1,3,21,2,p17,1,Node_1_417_412_3650,412,564.126,67.650,1228.486
1,3,21,2,p17,1,Node_1_527_3280_3650,3280,2705.368,1840.084,3648.062
1,3,21,2,p17,1,Node_1_598_2314_3650,2314,2273.779,1107.702,3615.057
1,3,21,2,p17,1,Node_1_601_1820_1825,1820,1485.195,1042.477,1824.992
1,3,21,2,p17,1,Node_1_622_1456_3650,1456,2458.741,1454.332,3635.017
1,3,21,2,p17,1,Node_1_627_1043_1825,1043,842.101,155.557,1536.165
1,3,21,2,p17,1,Node_1_722_519_1825,519,520.466,-42.780,1207.651
1,3,21,2,p17,1,Node_1_814_3577_3650,3577,3163.737,2414.460,3649.830
1,3,21,2,p17,1,Node_1_820_533_1825,533,601.589,-43.577,1369.934
1,3,21,2,p17,1,Node_1_831_2258_3650,2258,1753.491,819.837,2787.615
1,3,21,2,p17,1,Node_1_1038_1469_3650,1469,722.948,-44.970,1748.084
1,3,21,2,p17,1,Node_1_1129_1271_3650,1271,876.042,115.628,1665.692
1,3,21,2,p17,1,Node_1_1158_2262_3650,2262,2769.988,1704.559,3649.958
1,3,21,2,p17,1,Node_1_1185_3183_3650,3183,3111.117,2308.408,3649.997
1,3,21,2,p17,1,Node_1_1211_688_3650,688,632.430,-44.514,1618.534
1,3,21,2,p17,1,Node_1_1212_320_3650,320,1518.229,239.275,2947.119
1,3,21,2,p17,1,Node_1_1265_260_1825,260,689.580,-20.509,1482.473
1,3,22,2,p17,1,Node_1_28_3220_3650,3220,2959.489,1998.105,3649.950
1,3,22,2,p17,1,Node_1_33_1036_1825,1036,506.251,-44.757,1341.197
1,3,22,2,p17,1,Node_1_63_2284_3650,2284,2003.055,812.298,3444.362
1,3,22,2,p17,1,Node_1_86_3212_3650,3212,3215.047,2482.820,3649.997
1,3,22,2,p17,1,Node_1_102_1028_1825,1028,298.470,-44.954,992.286
1,3,22,2,p17,1,Node_1_106_1285_3650,1285,308.449,-44.990,1004.868
1,3,22,2,p17,1,Node_1_111_745_1825,745,853.119,110.059,1744.733
1,3,22,2,p17,1,Node_1_230_112_3650,112,471.853,-44.037,1206.288
1,3,22,2,p17,1,Node_1_265_2741_3650,2741,2973.122,2033.940,3649.875
1,3,22,2,p17,1,Node_1_267_1929_3650,1929,1778.878,503.571,3250.631
1,3,22,2,p17,1,Node_1_290_1028_1825,1028,1159.670,576.248,1824.825
1,3,22,2,p17,1,Node_1_351_828_1825,828,1018.564,347.375,1811.212
1,3,22,2,p17,1,Node_1_360_875_3650,875,1393.647,304.638,2545.986
1,3,22,2,p17,1,Node_1_417_412_3650,412,601.877,-44.856,1580.486
1,3,22,2,p17,1,Node_1_527_3280_3650,3280,2874.498,2027.810,3649.586
1,3,22,2,p17,1,Node_1_598_2314_3650,2314,2844.324,1874.080,3649.535
1,3,22,2,p17,1,Node_1_601_1820_1825,1820,1475.295,1050.229,1824.969
1,3,22,2,p17,1,Node_1_622_1456_3650,1456,1897.172,623.833,3396.187
1,3,22,2,p17,1,Node_1_627_1043_1825,1043,1067.878,237.222,1824.695
1,3,22,2,p17,1,Node_1_722_519_1825,519,908.896,155.626,1767.568
1,3,22,2,p17,1,Node_1_814_3577_3650,3577,2814.473,1819.197,3649.975
1,3,22,2,p17,1,Node_1_820_533_1825,533,582.507,96.968,1282.337
1,3,22,2,p17,1,Node_1_831_2258_3650,2258,2541.431,1518.529,3648.657
1,3,22,2,p17,1,Node_1_1038_1469_3650,1469,680.232,-44.901,1815.306
1,3,22,2,p17,1,Node_1_1129_1271_3650,1271,1392.122,614.000,2337.348
1,3,22,2,p17,1,Node_1_1158_2262_3650,2262,2594.973,1505.719,3649.517
1,3,22,2,p17,1,Node_1_1185_3183_3650,3183,2927.900,2036.937,3649.603
1,3,22,2,p17,1,Node_1_1211_688_3650,688,306.826,-44.970,1006.111
1,3,22,2,p17,1,Node_1_1212_320_3650,320,869.037,-8.302,1914.742
1,3,22,2,p17,1,Node_1_1265_260_1825,260,802.718,125.890,1613.882
1,3,23,2,p17,1,Node_1_28_3220_3650,3220,3052.657,2173.559,3649.982
1,3,23,2,p17,1,Node_1_33_1036_1825,1036,1158.449,477.178,1824.731
1,3,23,2,p17,1,Node_1_63_2284_3650,2284,2164.155,994.195,3645.694
1,3,23,2,p17,1,Node_1_86_3212_3650,3212,2287.375,1307.509,3339.319
1,3,23,2,p17,1,Node_1_102_1028_1825,1028,1383.898,769.264,1824.983
1,3,23,2,p17,1,Node_1_106_1285_3650,1285,2297.935,1264.764,3648.773
1,3,23,2,p17,1,Node_1_111_745_1825,745,449.665,-44.926,1294.115
1,3,23,2,p17,1,Node_1_230_112_3650,112,525.960,-40.917,1274.887
1,3,23,2,p17,1,Node_1_265_2741_3650,2741,2337.456,1189.849,3649.159
1,3,23,2,p17,1,Node_1_267_1929_3650,1929,2356.416,1140.230,3649.593
1,3,23,2,p17,1,Node_1_290_1028_1825,1028,308.851,-44.990,1002.495
1,3,23,2,p17,1,Node_1_351_828_1825,828,471.237,-44.474,1214.932
1,3,23,2,p17,1,Node_1_360_875_3650,875,1128.697,-32.190,2384.445
1,3,23,2,p17,1,Node_1_417_412_3650,412,317.676,-44.912,1051.768
1,3,23,2,p17,1,Node_1_527_3280_3650,3280,3079.779,2478.308,3648.918
1,3,23,2,p17,1,Node_1_598_2314_3650,2314,2957.842,2013.455,3649.754
1,3,23,2,p17,1,Node_1_601_1820_1825,1820,1238.133,567.086,1824.959
1,3,23,2,p17,1,Node_1_622_1456_3650,1456,2243.811,1078.300,3555.863
1,3,23,2,p17,1,Node_1_627_1043_1825,1043,1320.849,779.650,1824.958
1,3,23,2,p17,1,Node_1_722_519_1825,519,820.947,182.236,1568.759
1,3,23,2,p17,1,Node_1_814_3577_3650,3577,2806.443,1770.437,3649.060
1,3,23,2,p17,1,Node_1_820_533_1825,533,1250.896,582.700,1824.962
1,3,23,2,p17,1,Node_1_831_2258_3650,2258,2892.159,1993.913,3649.579
1,3,23,2,p17,1,Node_1_1038_1469_3650,1469,2236.391,1045.638,3525.384
1,3,23,2,p17,1,Node_1_1129_1271_3650,1271,1567.305,810.938,2460.582
1,3,23,2,p17,1,Node_1_1158_2262_3650,2262,3070.676,2217.990,3649.953
1,3,23,2,p17,1,Node_1_1185_3183_3650,3183,2645.057,1454.223,3649.818
1,3,23,2,p17,1,Node_1_1211_688_3650,688,1869.422,541.169,3455.755
1,3,23,2,p17,1,Node_1_1212_320_3650,320,559.567,-44.564,1403.720
1,3,23,2,p17,1,Node_1_1265_260_1825,260,603.017,-44.624,1451.815
1,3,24,2,p17,1,Node_1_28_3220_3650,3220,2943.749,1999.594,3649.839
1,3,24,2,p17,1,Node_1_33_1036_1825,1036,1351.809,746.057,1824.982
1,3,24,2,p17,1,Node_1_63_2284_3650,2284,1640.467,296.870,3161.852
1,3,24,2,p17,1,Node_1_86_3212_3650,3212,2593.629,1796.639,3590.837
1,3,24,2,p17,1,Node_1_102_1028_1825,1028,1183.364,495.576,1824.766
1,3,24,2,p17,1,Node_1_106_1285_3650,1285,792.866,-44.727,1645.982
1,3,24,2,p17,1,Node_1_111_745_1825,745,1413.103,903.773,1824.880
1,3,24,2,p17,1,Node_1_230_112_3650,112,453.169,-44.739,1154.876
1,3,24,2,p17,1,Node_1_265_2741_3650,2741,2038.421,676.334,3410.070
1,3,24,2,p17,1,Node_1_267_1929_3650,1929,1424.709,276.629,2885.744
1,3,24,2,p17,1,Node_1_290_1028_1825,1028,541.370,-41.630,1332.878
1,3,24,2,p17,1,Node_1_351_828_1825,828,708.167,56.054,1526.207
1,3,24,2,p17,1,Node_1_360_875_3650,875,1708.096,560.138,3096.043
1,3,24,2,p17,1,Node_1_417_412_3650,412,387.297,-44.890,1075.330
1,3,24,2,p17,1,Node_1_527_3280_3650,3280,2944.733,2048.773,3649.933
1,3,24,2,p17,1,Node_1_598_2314_3650,2314,2028.375,848.290,3394.291
1,3,24,2,p17,1,Node_1_601_1820_1825,1820,1489.290,995.795,1824.912
1,3,24,2,p17,1,Node_1_622_1456_3650,1456,1052.298,90.891,2132.668
1,3,24,2,p17,1,Node_1_627_1043_1825,1043,1081.205,473.184,1804.513
1,3,24,2,p17,1,Node_1_722_519_1825,519,948.304,250.883,1750.485
1,3,24,2,p17,1,Node_1_814_3577_3650,3577,2730.573,1771.432,3649.762
1,3,24,2,p17,1,Node_1_820_533_1825,533,950.186,209.947,1823.488
1,3,24,2,p17,1,Node_1_831_2258_3650,2258,2397.087,1379.519,3613.983
1,3,24,2,p17,1,Node_1_1038_1469_3650,1469,1594.544,399.794,2982.669
1,3,24,2,p17,1,Node_1_1129_1271_3650,1271,2169.736,1075.829,3101.278
1,3,24,2,p17,1,Node_1_1158_2262_3650,2262,2459.291,1381.642,3643.649
1,3,24,2,p17,1,Node_1_1185_3183_3650,3183,2786.513,1789.192,3649.980
1,3,24,2,p17,1,Node_1_1211_688_3650,688,519.109,-44.842,1491.791
1,3,24,2,p17,1,Node_1_1212_320_3650,320,637.423,-43.966,1424.401
1,3,24,2,p17,1,Node_1_1265_260_1825,260,294.701,-44.945,951.724
1,3,25,2,p17,1,Node_1_28_3220_3650,3220,2715.230,1681.270,3648.942
1,3,25,2,p17,1,Node_1_33_1036_1825,1036,1326.727,714.387,1824.978
1,3,25,2,p17,1,Node_1_63_2284_3650,2284,1510.580,388.479,2947.631
1,3,25,2,p17,1,Node_1_86_3212_3650,3212,2234.712,1352.962,3262.756
1,3,25,2,p17,1,Node_1_102_1028_1825,1028,1543.157,1072.713,1824.905
1,3,25,2,p17,1,Node_1_106_1285_3650,1285,2563.262,1521.068,3649.606
1,3,25,2,p17,1,Node_1_111_745_1825,745,709.038,-31.961,1534.077
1,3,25,2,p17,1,Node_1_230_112_3650,112,616.973,-44.865,1642.034
1,3,25,2,p17,1,Node_1_265_2741_3650,2741,3063.631,2213.253,3649.994
1,3,25,2,p17,1,Node_1_267_1929_3650,1929,2081.599,960.983,3362.645
1,3,25,2,p17,1,Node_1_290_1028_1825,1028,617.807,-44.857,1510.065
1,3,25,2,p17,1,Node_1_351_828_1825,828,1241.277,587.520,1824.950
1,3,25,2,p17,1,Node_1_360_875_3650,875,1487.436,406.354,2827.706
1,3,25,2,p17,1,Node_1_417_412_3650,412,1113.327,-10.787,2341.051
1,3,25,2,p17,1,Node_1_527_3280_3650,3280,2697.426,1602.712,3649.636
1,3,25,2,p17,1,Node_1_598_2314_3650,2314,2566.408,1488.556,3648.647
1,3,25,2,p17,1,Node_1_601_1820_1825,1820,1365.410,743.411,1824.921
1,3,25,2,p17,1,Node_1_622_1456_3650,1456,2475.234,1450.244,3644.437
1,3,25,2,p17,1,Node_1_627_1043_1825,1043,1484.596,1141.320,1824.853
1,3,25,2,p17,1,Node_1_722_519_1825,519,458.817,-44.972,1211.650
1,3,25,2,p17,1,Node_1_814_3577_3650,3577,3273.937,2640.213,3649.996
1,3,25,2,p17,1,Node_1_820_533_1825,533,893.172,182.835,1734.671
1,3,25,2,p17,1,Node_1_831_2258_3650,2258,1383.692,67.261,2798.882
1,3,25,2,p17,1,Node_1_1038_1469_3650,1469,1009.401,-44.464,2296.283
1,3,25,2,p17,1,Node_1_1129_1271_3650,1271,1161.048,395.446,2110.906
1,3,25,2,p17,1,Node_1_1158_2262_3650,2262,2790.313,1736.236,3649.980
1,3,25,2,p17,1,Node_1_1185_3183_3650,3183,2458.581,1427.845,3649.739
1,3,25,2,p17,1,Node_1_1211_688_3650,688,1769.237,564.101,3199.242
1,3,25,2,p17,1,Node_1_1212_320_3650,320,454.092,-44.951,1232.268
1,3,25,2,p17,1,Node_1_1265_260_1825,260,668.201,-38.169,1493.515
1,3,26,2,p17,1,Node_1_28_3220_3650,3220,2810.799,1761.954,3649.771
1,3,26,2,p17,1,Node_1_33_1036_1825,1036,1100.885,379.154,1824.283
1,3,26,2,p17,1,Node_1_63_2284_3650,2284,3145.038,2359.201,3649.939
1,3,26,2,p17,1,Node_1_86_3212_3650,3212,2785.870,1952.918,3649.265
1,3,26,2,p17,1,Node_1_102_1028_1825,1028,920.613,207.286,1756.966
1,3,26,2,p17,1,Node_1_106_1285_3650,1285,978.404,79.273,1987.127
1,3,26,2,p17,1,Node_1_111_745_1825,745,983.514,304.835,1806.402
1,3,26,2,p17,1,Node_1_230_112_3650,112,317.362,-44.969,1042.925
1,3,26,2,p17,1,Node_1_265_2741_3650,2741,2998.140,2090.821,3649.860
1,3,26,2,p17,1,Node_1_267_1929_3650,1929,1978.303,759.574,3317.000
1,3,26,2,p17,1,Node_1_290_1028_1825,1028,1170.538,493.830,1824.854
1,3,26,2,p17,1,Node_1_351_828_1825,828,997.025,342.674,1793.172
1,3,26,2,p17,1,Node_1_360_875_3650,875,910.225,-44.797,2092.519
1,3,26,2,p17,1,Node_1_417_412_3650,412,1601.471,516.475,2804.561
1,3,26,2,p17,1,Node_1_527_3280_3650,3280,2833.337,2135.314,3646.233
1,3,26,2,p17,1,Node_1_598_2314_3650,2314,1594.044,411.444,3095.596
1,3,26,2,p17,1,Node_1_601_1820_1825,1820,1507.731,1079.537,1824.999
1,3,26,2,p17,1,Node_1_622_1456_3650,1456,1593.974,453.918,2973.394
1,3,26,2,p17,1,Node_1_627_1043_1825,1043,1240.772,679.513,1823.137
1,3,26,2,p17,1,Node_1_722_519_1825,519,646.208,-41.749,1479.841
1,3,26,2,p17,1,Node_1_814_3577_3650,3577,2911.487,1922.129,3649.972
1,3,26,2,p17,1,Node_1_820_533_1825,533,774.455,45.416,1588.536
1,3,26,2,p17,1,Node_1_831_2258_3650,2258,2917.162,2101.864,3649.962
1,3,26,2,p17,1,Node_1_1038_1469_3650,1469,1902.881,773.024,3269.358
1,3,26,2,p17,1,Node_1_1129_1271_3650,1271,1563.278,746.358,2556.992
1,3,26,2,p17,1,Node_1_1158_2262_3650,2262,2791.983,1756.613,3649.647
1,3,26,2,p17,1,Node_1_1185_3183_3650,3183,3048.964,2171.167,3649.700
1,3,26,2,p17,1,Node_1_1211_688_3650,688,810.133,24.819,1754.221
1,3,26,2,p17,1,Node_1_1212_320_3650,320,494.518,-44.527,1272.022
1,3,26,2,p17,1,Node_1_1265_260_1825,260,1380.414,844.014,1824.942
1,3,27,2,p17,1,Node_1_28_3220_3650,3220,3082.461,2231.592,3649.986
1,3,27,2,p17,1,Node_1_33_1036_1825,1036,1038.840,349.218,1786.708
1,3,27,2,p17,1,Node_1_63_2284_3650,2284,1895.696,562.064,3285.828
1,3,27,2,p17,1,Node_1_86_3212_3650,3212,3030.558,2226.276,3649.215
1,3,27,2,p17,1,Node_1_102_1028_1825,1028,1419.318,869.289,1824.987
1,3,27,2,p17,1,Node_1_106_1285_3650,1285,2242.179,1126.694,3469.818
1,3,27,2,p17,1,Node_1_111_745_1825,745,917.679,187.282,1769.277
1,3,27,2,p17,1,Node_1_230_112_3650,112,776.689,-42.930,1638.390
1,3,27,2,p17,1,Node_1_265_2741_3650,2741,3090.066,2241.975,3649.896
1,3,27,2,p17,1,Node_1_267_1929_3650,1929,2030.507,926.783,3387.691
1,3,27,2,p17,1,Node_1_290_1028_1825,1028,1421.567,947.596,1824.998
1,3,27,2,p17,1,Node_1_351_828_1825,828,1273.607,616.907,1824.872
1,3,27,2,p17,1,Node_1_360_875_3650,875,450.905,-44.474,1201.319
1,3,27,2,p17,1,Node_1_417_412_3650,412,934.951,146.218,1784.220
1,3,27,2,p17,1,Node_1_527_3280_3650,3280,3034.353,2165.650,3649.599
1,3,27,2,p17,1,Node_1_598_2314_3650,2314,2362.287,1323.296,3649.875
1,3,27,2,p17,1,Node_1_601_1820_1825,1820,1570.196,1170.073,1824.995
1,3,27,2,p17,1,Node_1_622_1456_3650,1456,441.561,-44.726,1167.631
1,3,27,2,p17,1,Node_1_627_1043_1825,1043,1156.536,576.647,1807.050
1,3,27,2,p17,1,Node_1_722_519_1825,519,312.131,-44.921,1026.843
1,3,27,2,p17,1,Node_1_814_3577_3650,3577,3079.009,2197.889,3649.897
1,3,27,2,p17,1,Node_1_820_533_1825,533,501.075,-44.659,1334.648
1,3,27,2,p17,1,Node_1_831_2258_3650,2258,1576.522,531.917,2955.706
1,3,27,2,p17,1,Node_1_1038_1469_3650,1469,1983.094,831.566,3424.138
1,3,27,2,p17,1,Node_1_1129_1271_3650,1271,1238.593,365.780,2151.395
1,3,27,2,p17,1,Node_1_1158_2262_3650,2262,2605.819,1612.254,3649.035
1,3,27,2,p17,1,Node_1_1185_3183_3650,3183,3234.741,2574.931,3649.955
1,3,27,2,p17,1,Node_1_1211_688_3650,688,1246.553,-44.584,2689.073
1,3,27,2,p17,1,Node_1_1212_320_3650,320,1754.864,769.062,2859.845
1,3,27,2,p17,1,Node_1_1265_260_1825,260,511.298,-41.956,1198.155
1,3,28,2,p17,1,Node_1_28_3220_3650,3220,2849.395,1881.740,3649.782
1,3,28,2,p17,1,Node_1_33_1036_1825,1036,1247.431,616.743,1824.997
1,3,28,2,p17,1,Node_1_63_2284_3650,2284,995.505,128.329,2026.619
1,3,28,2,p17,1,Node_1_86_3212_3650,3212,3128.811,2425.205,3649.947
1,3,28,2,p17,1,Node_1_102_1028_1825,1028,494.155,0.928,1159.456
1,3,28,2,p17,1,Node_1_106_1285_3650,1285,430.827,-44.971,1108.051
1,3,28,2,p17,1,Node_1_111_745_1825,745,1079.720,421.923,1823.715
1,3,28,2,p17,1,Node_1_230_112_3650,112,459.582,-43.631,1136.635
1,3,28,2,p17,1,Node_1_265_2741_3650,2741,2616.516,1538.437,3646.689
1,3,28,2,p17,1,Node_1_267_1929_3650,1929,1842.039,681.937,3108.799
1,3,28,2,p17,1,Node_1_290_1028_1825,1028,1079.408,398.874,1824.436
1,3,28,2,p17,1,Node_1_351_828_1825,828,1139.452,500.415,1824.999
1,3,28,2,p17,1,Node_1_360_875_3650,875,525.414,-43.174,1230.926
1,3,28,2,p17,1,Node_1_417_412_3650,412,1029.891,82.297,2144.091
1,3,28,2,p17,1,Node_1_527_3280_3650,3280,2915.259,2217.774,3647.719
1,3,28,2,p17,1,Node_1_598_2314_3650,2314,2773.341,1804.733,3649.874
1,3,28,2,p17,1,Node_1_601_1820_1825,1820,1488.467,1060.073,1824.967
1,3,28,2,p17,1,Node_1_622_1456_3650,1456,2089.623,1063.353,3264.941
1,3,28,2,p17,1,Node_1_627_1043_1825,1043,1498.665,1035.531,1824.975
1,3,28,2,p17,1,Node_1_722_519_1825,519,1279.802,661.330,1824.928
1,3,28,2,p17,1,Node_1_814_3577_3650,3577,2666.064,1576.381,3649.903
1,3,28,2,p17,1,Node_1_820_533_1825,533,757.646,108.110,1541.696
1,3,28,2,p17,1,Node_1_831_2258_3650,2258,2425.152,1467.342,3613.216
1,3,28,2,p17,1,Node_1_1038_1469_3650,1469,2209.851,1084.031,3610.531
1,3,28,2,p17,1,Node_1_1129_1271_3650,1271,1940.470,1196.230,2783.968
1,3,28,2,p17,1,Node_1_1158_2262_3650,2262,3071.353,2262.428,3649.551
1,3,28,2,p17,1,Node_1_1185_3183_3650,3183,3191.634,2460.738,3649.989
1,3,28,2,p17,1,Node_1_1211_688_3650,688,1937.148,746.826,3328.819
1,3,28,2,p17,1,Node_1_1212_320_3650,320,1065.724,30.029,2251.393
1,3,28,2,p17,1,Node_1_1265_260_1825,260,627.195,-42.301,1430.251
1,3,29,2,p17,1,Node_1_28_3220_3650,3220,2900.316,1969.068,3649.825
1,3,29,2,p17,1,Node_1_33_1036_1825,1036,1147.194,461.367,1824.703
1,3,29,2,p17,1,Node_1_63_2284_3650,2284,2096.496,781.423,3596.321
1,3,29,2,p17,1,Node_1_86_3212_3650,3212,3258.762,2626.847,3649.992
1,3,29,2,p17,1,Node_1_102_1028_1825,1028,1383.259,753.766,1824.899
1,3,29,2,p17,1,Node_1_106_1285_3650,1285,1800.574,595.760,3224.904
1,3,29,2,p17,1,Node_1_111_745_1825,745,1369.681,845.181,1824.650
1,3,29,2,p17,1,Node_1_230_112_3650,112,704.459,4.721,1492.804
1,3,29,2,p17,1,Node_1_265_2741_3650,2741,3241.599,2576.512,3649.935
1,3,29,2,p17,1,Node_1_267_1929_3650,1929,2661.446,1695.246,3648.967
1,3,29,2,p17,1,Node_1_290_1028_1825,1028,1528.656,1095.173,1824.979
1,3,29,2,p17,1,Node_1_351_828_1825,828,535.528,-44.240,1387.481
1,3,29,2,p17,1,Node_1_360_875_3650,875,1236.800,102.867,2506.744
1,3,29,2,p17,1,Node_1_417_412_3650,412,366.010,-43.855,1078.174
1,3,29,2,p17,1,Node_1_527_3280_3650,3280,3038.076,2403.767,3649.445
1,3,29,2,p17,1,Node_1_598_2314_3650,2314,2892.920,1941.740,3649.948
1,3,29,2,p17,1,Node_1_601_1820_1825,1820,1476.920,959.785,1824.992
1,3,29,2,p17,1,Node_1_622_1456_3650,1456,2361.904,1299.837,3506.308
1,3,29,2,p17,1,Node_1_627_1043_1825,1043,1446.242,1037.845,1824.897
1,3,29,2,p17,1,Node_1_722_519_1825,519,549.858,17.602,1285.339
1,3,29,2,p17,1,Node_1_814_3577_3650,3577,3429.908,3026.218,3649.983
1,3,29,2,p17,1,Node_1_820_533_1825,533,924.659,245.782,1786.544
1,3,29,2,p17,1,Node_1_831_2258_3650,2258,2888.787,2135.891,3629.044
1,3,29,2,p17,1,Node_1_1038_1469_3650,1469,1226.915,50.947,2537.852
1,3,29,2,p17,1,Node_1_1129_1271_3650,1271,1738.130,863.434,2689.823
1,3,29,2,p17,1,Node_1_1158_2262_3650,2262,2132.895,886.945,3563.162
1,3,29,2,p17,1,Node_1_1185_3183_3650,3183,2719.879,1662.869,3648.982
1,3,29,2,p17,1,Node_1_1211_688_3650,688,1094.101,206.850,2089.502
1,3,29,2,p17,1,Node_1_1212_320_3650,320,322.861,-44.995,1059.265
1,3,29,2,p17,1,Node_1_1265_260_1825,260,813.157,123.838,1644.812
1,3,30,2,p17,1,Node_1_28_3220_3650,3220,2581.418,1362.991,3649.569
1,3,30,2,p17,1,Node_1_33_1036_1825,1036,856.285,167.523,1627.710
1,3,30,2,p17,1,Node_1_63_2284_3650,2284,1852.586,612.346,3434.550
1,3,30,2,p17,1,Node_1_86_3212_3650,3212,2935.982,2094.960,3649.932
1,3,30,2,p17,1,Node_1_102_1028_1825,1028,384.198,-44.834,1133.104
1,3,30,2,p17,1,Node_1_106_1285_3650,1285,488.783,-44.316,1281.467
1,3,30,2,p17,1,Node_1_111_745_1825,745,1353.656,734.157,1824.965
1,3,30,2,p17,1,Node_1_230_112_3650,112,374.038,-44.978,1183.147
1,3,30,2,p17,1,Node_1_265_2741_3650,2741,2602.134,1543.470,3647.376
1,3,30,2,p17,1,Node_1_267_1929_3650,1929,2844.576,1817.571,3649.721
1,3,30,2,p17,1,Node_1_290_1028_1825,1028,816.497,278.708,1548.535
1,3,30,2,p17,1,Node_1_351_828_1825,828,1243.089,572.472,1824.945
1,3,30,2,p17,1,Node_1_360_875_3650,875,1633.176,534.449,2997.785
1,3,30,2,p17,1,Node_1_417_412_3650,412,1138.643,50.692,2196.055
1,3,30,2,p17,1,Node_1_527_3280_3650,3280,3050.812,2309.747,3649.864
1,3,30,2,p17,1,Node_1_598_2314_3650,2314,2259.590,1168.677,3630.301
1,3,30,2,p17,1,Node_1_601_1820_1825,1820,1420.118,942.632,1824.995
1,3,30,2,p17,1,Node_1_622_1456_3650,1456,702.950,-44.386,1603.471
1,3,30,2,p17,1,Node_1_627_1043_1825,1043,1284.134,598.124,1824.991
1,3,30,2,p17,1,Node_1_722_519_1825,519,1316.976,711.479,1824.981
1,3,30,2,p17,1,Node_1_814_3577_3650,3577,3155.242,2379.201,3649.797
1,3,30,2,p17,1,Node_1_820_533_1825,533,1040.082,363.286,1824.926
1,3,30,2,p17,1,Node_1_831_2258_3650,2258,2486.399,1568.698,3649.368
1,3,30,2,p17,1,Node_1_1038_1469_3650,1469,2269.267,1053.951,3646.579
1,3,30,2,p17,1,Node_1_1129_1271_3650,1271,1770.000,711.577,2829.909
1,3,30,2,p17,1,Node_1_1158_2262_3650,2262,2294.034,1146.123,3645.601
1,3,30,2,p17,1,Node_1_1185_3183_3650,3183,2802.551,1850.679,3649.342
1,3,30,2,p17,1,Node_1_1211_688_3650,688,429.634,-44.966,1220.575
1,3,30,2,p17,1,Node_1_1212_320_3650,320,1131.190,332.097,2145.152
1,3,30,2,p17,1,Node_1_1265_260_1825,260,328.733,-44.975,1068.946
